'@module': pyEQL.solution
'@class': Solution
'@version': 1.5.1.dev50+geb84b2d8f
solutes:
  H2O(aq): 55.34457593619076 mol
  SO4[-2]: 0.0011518471886914777 mol
  Ca[+2]: 0.000932534480592414 mol
  Na[+1]: 0.0008053837241608387 mol
  HCO3[-1]: 0.0006604599178610847 mol
  O2(aq): 0.00026723183172727233 mol
  K[+1]: 0.00019632732925087534 mol
  Mg[+2]: 0.00014270599511932104 mol
  Cl[-1]: 0.00014254629983479205 mol
  CaSO4(aq): 8.489447758895839e-05 mol
  SiO2(aq): 6.944638904994224e-05 mol
  AlO2[-1]: 3.6460151321302704e-05 mol
  MgSO4(aq): 2.4043018131208825e-05 mol
  CO2(aq): 1.4392485202151437e-05 mol
  Fe(OH)3(aq): 7.018941723125192e-06 mol
  B(OH)3(aq): 6.096077285581867e-06 mol
  CaHCO3[+1]: 5.412446012091236e-06 mol
  NaSO4[-1]: 4.485062382288299e-06 mol
  CaCO3(aq): 4.267656771499703e-06 mol
  CO3[-2]: 3.63706999354511e-06 mol
  KSO4[-1]: 1.3333095380999034e-06 mol
  OH[-1]: 1.0220593981634266e-06 mol
  AlHO2(aq): 1.0011771227305505e-06 mol
  SiHO3[-1]: 8.43214213755233e-07 mol
  MgHCO3[+1]: 8.217855060190548e-07 mol
  NaHCO3(aq): 6.523071465548748e-07 mol
  BO2[-1]: 3.4752858395030716e-07 mol
  MgCO3(aq): 3.017570863500073e-07 mol
  Fe(OH)4[-1]: 1.874168864444939e-07 mol
  Fe(OH)2[+1]: 1.6514235447169308e-07 mol
  NaSiHO3(aq): 2.743156338326831e-08 mol
  CaCl[+1]: 2.085664896203736e-08 mol
  NaCl(aq): 1.7268374799387823e-08 mol
  CaB(OH)4[+1]: 1.6951606909702025e-08 mol
  MgCl[+1]: 1.1901146575301476e-08 mol
  H[+1]: 1.017392602618732e-08 mol
  Al(OH)2[+1]: 7.570163165901723e-09 mol
  NaCO3[-1]: 7.525530795577047e-09 mol
  NaAlO2(aq): 4.802547501426634e-09 mol
  MgB(OH)4[+1]: 3.1247256227372227e-09 mol
  HSO4[-1]: 9.341409069027895e-10 mol
  KCl(aq): 8.028669053209663e-10 mol
  NaB(OH)4(aq): 4.750616154517903e-10 mol
  NaOH(aq): 1.216492545710586e-10 mol
  KOH(aq): 6.174775909034676e-11 mol
  Si(HO2)2[-2]: 1.0081208726605572e-11 mol
  CaCl2(aq): 2.992728379594003e-12 mol
  HCl(aq): 3.0062592593084307e-13 mol
  FeCO3[+1]: 1.233396362079437e-13 mol
  Al[+3]: 5.279588735911834e-14 mol
  AlSO4[+1]: 2.5985275945602168e-14 mol
  KHSO4(aq): 1.1065573236336529e-14 mol
  Si2H7O8[-1]: 7.113922560542201e-15 mol
  Al(SO4)2[-1]: 1.7001724413637196e-15 mol
  Fe[+2]: 2.539697436171521e-17 mol
  Fe[+3]: 1.4013500240871436e-17 mol
  FeHCO3[+1]: 6.52814021019691e-18 mol
  FeCO3(aq): 2.8473211224420104e-18 mol
  Al13(H6O7)4[+7]: 2.736404989447461e-18 mol
  FeSO4(aq): 2.508563984726528e-18 mol
  FeSO4[+1]: 6.52131425174364e-19 mol
  AlOH[+2]: 5.207061647238743e-19 mol
  Fe(SO4)2[-1]: 9.292648371109329e-21 mol
  SiH3O4[-1]: 8.882391945787861e-21 mol
  H2SO4(aq): 8.290186583696815e-21 mol
  FeOH[+2]: 2.016906579875895e-21 mol
  FeCl[+1]: 1.9523834765525193e-21 mol
  ClO[-1]: 1.8055170386352147e-21 mol
  B2H5O6[-1]: 8.181921084168878e-22 mol
  HClO(aq): 6.298406653291861e-22 mol
  Fe(OH)2(aq): 4.556273547705396e-22 mol
  FeCl[+2]: 2.2203095060785975e-22 mol
  Al3(OH)4[+5]: 1.7682568693809075e-22 mol
  FeCl2[+1]: 1.8780955702932665e-23 mol
  Fe(OH)3[-1]: 1.9281768852683362e-24 mol
  Fe3(OH)4[+5]: 1.2580124786359644e-25 mol
  ClO3[-1]: 3.36393062904476e-27 mol
  ClO4[-1]: 1.9325188014358576e-27 mol
  FeCl2(aq): 1.2780915972474257e-27 mol
  HSO5[-1]: 8.313048015820867e-31 mol
  ClO2[-1]: 2.9202014032550963e-31 mol
  Fe(OH)4[-2]: 2.401445461153506e-31 mol
  FeCl4[-1]: 3.931218212203516e-34 mol
  FeCl4[-2]: 8.813375654249493e-35 mol
  HClO2(aq): 4.0610834269679436e-36 mol
volume: 1.0 l
temperature: 298.15 K
pressure: 1 atm
pH: 8.021885937214021
pE: 8.5
balance_charge: auto
solvent: H2O(aq)
default_diffusion_coeff: 1.6106e-09
log_level: ERROR
