'@module': pyEQL.solution
'@class': Solution
'@version': 1.5.0
solutes:
  H2O(aq): 55.34457593619076 mol
  SO4[-2]: 0.0014573534485099423 mol
  Ca[+2]: 0.0012724019092142554 mol
  HCO3[-1]: 0.0012458286289060885 mol
  Na[+1]: 0.00111315658650966 mol
  K[+1]: 0.00027146409739863144 mol
  Cl[-1]: 0.00019735103238690903 mol
  Mg[+2]: 0.0001926169700077442 mol
  CaSO4(aq): 0.0001338036516557603 mol
  CO2(aq): 0.0001049421260399301 mol
  SiO2(aq): 9.704513721888662e-05 mol
  NH4[+1]: 5.252827358832004e-05 mol
  MgSO4(aq): 3.762527781313071e-05 mol
  AlO2[-1]: 3.389426671232054e-05 mol
  CaHCO3[+1]: 1.333861731452455e-05 mol
  B(OH)3(aq): 8.810560620102589e-06 mol
  NaSO4[-1]: 7.478344818305552e-06 mol
  Fe[+2]: 6.2397689907881755e-06 mol
  AlHO2(aq): 3.5992884984362063e-06 mol
  FeHCO3[+1]: 2.8969380115582977e-06 mol
  CaCO3(aq): 2.6563592813210036e-06 mol
  KSO4[-1]: 2.2227516302830604e-06 mol
  MgHCO3[+1]: 2.010841863708166e-06 mol
  CO3[-2]: 1.8152928163060495e-06 mol
  NaHCO3(aq): 1.6611004853217785e-06 mol
  Al13(H6O7)4[+7]: 1.0982737523187703e-06 mol
  FeSO4(aq): 7.119446027905328e-07 mol
  NH3(aq): 6.913471550908193e-07 mol
  FeCO3(aq): 3.1912900184760856e-07 mol
  SiHO3[-1]: 3.0468527615348954e-07 mol
  OH[-1]: 2.643567821970887e-07 mol
  MgCO3(aq): 1.8649062905256822e-07 mol
  BO2[-1]: 1.2988477296416998e-07 mol
  Al(OH)2[+1]: 1.0775337614978662e-07 mol
  H[+1]: 4.299753954129198e-08 mol
  CaCl[+1]: 3.770319066748017e-08 mol
  NaCl(aq): 3.2256078847378205e-08 mol
  MgCl[+1]: 2.1361147670057833e-08 mol
  NaSiHO3(aq): 1.3381230033158522e-08 mol
  CaB(OH)4[+1]: 8.276729973504398e-09 mol
  NaAlO2(aq): 6.027141297080053e-09 mol
  NaCO3[-1]: 4.9554481941109796e-09 mol
  HSO4[-1]: 4.461854729843919e-09 mol
  MgB(OH)4[+1]: 1.5148234093555651e-09 mol
  KCl(aq): 1.4994314494819445e-09 mol
  FeCl[+1]: 6.35522878513761e-10 mol
  NaB(OH)4(aq): 2.39675911691608e-10 mol
  NaOH(aq): 4.2464925237645566e-11 mol
  KOH(aq): 2.1550882856097255e-11 mol
  Al[+3]: 1.2391565640086522e-11 mol
  CaCl2(aq): 7.311518261219685e-12 mol
  Fe(OH)2(aq): 7.000098681673722e-12 mol
  AlSO4[+1]: 6.8324997770943624e-12 mol
  HCl(aq): 1.6086167061312767e-12 mol
  Si(HO2)2[-2]: 9.648961003468492e-13 mol
  Al(SO4)2[-1]: 5.392980524809619e-13 mol
  KHSO4(aq): 7.133979120726658e-14 mol
  Fe(OH)3[-1]: 7.66003376362469e-15 mol
  AlOH[+2]: 1.8855947489205684e-15 mol
  Si2H7O8[-1]: 1.857698383425209e-15 mol
  FeCl2(aq): 5.622568303337583e-16 mol
  NH4SO4[-1]: 2.667585415082939e-16 mol
  Al3(OH)4[+5]: 9.896132462007254e-18 mol
  H2SO4(aq): 1.5313177139066391e-19 mol
  B2H5O6[-1]: 4.419406347934364e-22 mol
  Fe(OH)4[-2]: 2.5270331269255348e-22 mol
  SiH3O4[-1]: 1.748565220140674e-22 mol
  FeCl4[-2]: 7.603915203695614e-23 mol
  O2(aq): 4.00652947388716e-23 mol
  HClO(aq): 1.3052728727876999e-30 mol
  ClO[-1]: 9.675518344980045e-31 mol
  H2(aq): 1.2516599210874743e-35 mol
volume: 1.0 l
temperature: 298.15 K
pressure: 1 atm
pH: 7.3665563954486135
pE: 8.5
balance_charge: auto
solvent: H2O(aq)
default_diffusion_coeff: 1.6106e-09
log_level: ERROR
