'@module': pyEQL.solution
'@class': Solution
'@version': 1.5.0
solutes:
  H2O(aq): 55.34457593619076 mol
  SO4[-2]: 0.001053936786396727 mol
  Ca[+2]: 0.000939711308754899 mol
  HCO3[-1]: 0.0009022543921232147 mol
  Na[+1]: 0.0008055456894789229 mol
  K[+1]: 0.00019643842959595324 mol
  Mg[+2]: 0.00014432901776639616 mol
  Cl[-1]: 0.00014254556815222874 mol
  CaSO4(aq): 7.846812161240296e-05 mol
  CO2(aq): 7.696086839242091e-05 mol
  SiO2(aq): 7.009253796038073e-05 mol
  AlO2[-1]: 3.100460876091582e-05 mol
  MgSO4(aq): 2.2302329706138087e-05 mol
  CaHCO3[+1]: 7.4595379309431505e-06 mol
  B(OH)3(aq): 6.365908188743993e-06 mol
  Fe[+2]: 4.954640820903983e-06 mol
  NaSO4[-1]: 4.109928614821321e-06 mol
  AlHO2(aq): 3.332466043233176e-06 mol
  FeHCO3[+1]: 1.741866015510028e-06 mol
  CaCO3(aq): 1.50361617702241e-06 mol
  CO3[-2]: 1.2685779823095158e-06 mol
  KSO4[-1]: 1.2222541320836223e-06 mol
  MgHCO3[+1]: 1.1366434618675985e-06 mol
  NaHCO3(aq): 8.918640196043479e-07 mol
  FeSO4(aq): 4.488961931172128e-07 mol
  OH[-1]: 2.611115087198374e-07 mol
  Al13(H6O7)4[+7]: 2.3322048078677588e-07 mol
  SiHO3[-1]: 2.1742701411103652e-07 mol
  FeCO3(aq): 1.942186266417259e-07 mol
  MgCO3(aq): 1.0669705074443741e-07 mol
  Al(OH)2[+1]: 9.856685493589791e-08 mol
  BO2[-1]: 9.271562216046424e-08 mol
  H[+1]: 4.2585619927068504e-08 mol
  CaCl[+1]: 2.1041877350724693e-08 mol
  NaCl(aq): 1.7283017797402384e-08 mol
  MgCl[+1]: 1.2049698736669627e-08 mol
  NaSiHO3(aq): 7.079296646421756e-09 mol
  CaB(OH)4[+1]: 4.562575421640004e-09 mol
  NaAlO2(aq): 4.087365040855275e-09 mol
  HSO4[-1]: 3.3478133735240133e-09 mol
  NaCO3[-1]: 2.6286733210365658e-09 mol
  MgB(OH)4[+1]: 8.440312060711408e-10 mol
  KCl(aq): 8.038525705583917e-10 mol
  FeCl[+1]: 3.8133968187142786e-10 mol
  NaB(OH)4(aq): 1.268461477954186e-10 mol
  NaOH(aq): 3.110472967029128e-11 mol
  KOH(aq): 1.5794392191433598e-11 mol
  Al[+3]: 1.0504116016399024e-11 mol
  Fe(OH)2(aq): 5.81212819596401e-12 mol
  AlSO4[+1]: 4.746225157925213e-12 mol
  CaCl2(aq): 3.021259555443078e-12 mol
  HCl(aq): 1.1767321004525863e-12 mol
  Si(HO2)2[-2]: 6.636812229799487e-13 mol
  Al(SO4)2[-1]: 2.8450666028940077e-13 mol
  KHSO4(aq): 3.97055733767629e-14 mol
  Fe(OH)3[-1]: 6.28384889953927e-15 mol
  AlOH[+2]: 1.3459820512009838e-15 mol
  Si2H7O8[-1]: 4.815337533775616e-16 mol
  FeCl2(aq): 2.4979839163794467e-16 mol
  Al3(OH)4[+5]: 5.938045049159731e-18 mol
  H2SO4(aq): 1.1629476923122371e-19 mol
  B2H5O6[-1]: 2.279441905643012e-22 mol
  Fe(OH)4[-2]: 1.9981262713780403e-22 mol
  O2(aq): 4.0087405480205426e-23 mol
  SiH3O4[-1]: 3.9115491729147814e-23 mol
  FeCl4[-2]: 1.7214602966929997e-23 mol
  HClO(aq): 9.548593979560689e-31 mol
  ClO[-1]: 6.992996229170269e-31 mol
  H2(aq): 1.252275189052647e-35 mol
volume: 1.0 l
temperature: 298.15 K
pressure: 1 atm
pH: 7.370737026264055
pE: 8.5
balance_charge: auto
solvent: H2O(aq)
default_diffusion_coeff: 1.6106e-09
log_level: ERROR
