'@module': pyEQL.solution
'@class': Solution
'@version': 1.5.1.dev50+geb84b2d8f
solutes:
  H2O(aq): 55.34457593619076 mol
  SO4[-2]: 0.0011301964370387949 mol
  Ca[+2]: 0.0009330402306598412 mol
  Na[+1]: 0.0008054188831611842 mol
  HCO3[-1]: 0.0007046946393329483 mol
  O2(aq): 0.0002672330095627672 mol
  K[+1]: 0.00019635157916572535 mol
  Mg[+2]: 0.0001429896919275604 mol
  Cl[-1]: 0.00014254624514446282 mol
  CaSO4(aq): 8.342189926951396e-05 mol
  SiO2(aq): 6.938883707865938e-05 mol
  AlO2[-1]: 3.652230615551756e-05 mol
  MgSO4(aq): 2.3659261334876507e-05 mol
  CO2(aq): 1.4392548637632663e-05 mol
  Fe(OH)3(aq): 7.01689704391673e-06 mol
  B(OH)3(aq): 6.072892293366143e-06 mol
  CaHCO3[+1]: 5.780665410809666e-06 mol
  CaCO3(aq): 4.864444037687558e-06 mol
  NaSO4[-1]: 4.403097964239906e-06 mol
  CO3[-2]: 4.139600457713962e-06 mol
  KSO4[-1]: 1.3090551625309305e-06 mol
  OH[-1]: 1.0905094856833235e-06 mol
  AlHO2(aq): 9.399309448347423e-07 mol
  SiHO3[-1]: 8.989434710945891e-07 mol
  MgHCO3[+1]: 8.789300179408078e-07 mol
  NaHCO3(aq): 6.961941923792534e-07 mol
  BO2[-1]: 3.69394574064416e-07 mol
  MgCO3(aq): 3.444393569857468e-07 mol
  Fe(OH)4[-1]: 1.9991100860944314e-07 mol
  Fe(OH)2[+1]: 1.54693704266761e-07 mol
  NaSiHO3(aq): 2.925289022630293e-08 mol
  CaCl[+1]: 2.0877406115052124e-08 mol
  CaB(OH)4[+1]: 1.8036001594548553e-08 mol
  NaCl(aq): 1.7273385996680904e-08 mol
  MgCl[+1]: 1.1929778390121748e-08 mol
  H[+1]: 1.0200388855855196e-08 mol
  NaCO3[-1]: 8.569788269250535e-09 mol
  Al(OH)2[+1]: 6.659334017095197e-09 mol
  NaAlO2(aq): 4.812105641171978e-09 mol
  MgB(OH)4[+1]: 3.3292993433066152e-09 mol
  HSO4[-1]: 8.592584221451997e-10 mol
  KCl(aq): 8.031685048517226e-10 mol
  NaB(OH)4(aq): 5.05095311656157e-10 mol
  NaOH(aq): 1.2983378303753117e-10 mol
  KOH(aq): 6.59077616176216e-11 mol
  Si(HO2)2[-2]: 1.1464485234912374e-11 mol
  CaCl2(aq): 2.9964453609017024e-12 mol
  HCl(aq): 2.817565299510302e-13 mol
  FeCO3[+1]: 1.1553591325165999e-13 mol
  Al[+3]: 4.0754623133289887e-14 mol
  AlSO4[+1]: 1.9706521354331284e-14 mol
  KHSO4(aq): 1.0182306914260141e-14 mol
  Si2H7O8[-1]: 8.069933277644345e-15 mol
  Al(SO4)2[-1]: 1.2657458406707245e-15 mol
  Fe[+2]: 2.2286786668044227e-17 mol
  Fe[+3]: 1.1518926888953376e-17 mol
  FeHCO3[+1]: 6.115102292560429e-18 mol
  FeCO3(aq): 2.846493358496875e-18 mol
  FeSO4(aq): 2.1620006150805703e-18 mol
  Al13(H6O7)4[+7]: 7.602353093004881e-19 mol
  FeSO4[+1]: 5.26630942173243e-19 mol
  AlOH[+2]: 3.532960804911411e-19 mol
  SiH3O4[-1]: 1.1456902493071005e-20 mol
  Fe(SO4)2[-1]: 7.366846984002801e-21 mol
  H2SO4(aq): 7.146954492827405e-21 mol
  ClO[-1]: 1.8055264091053105e-21 mol
  FeCl[+1]: 1.7140643744096623e-21 mol
  FeOH[+2]: 1.5517047872373176e-21 mol
  B2H5O6[-1]: 8.663636706589468e-22 mol
  HClO(aq): 5.903074385075679e-22 mol
  Fe(OH)2(aq): 4.554947164427168e-22 mol
  FeCl[+2]: 1.8260543825383188e-22 mol
  Al3(OH)4[+5]: 1.0545019290411656e-22 mol
  FeCl2[+1]: 1.545351791679682e-23 mol
  Fe(OH)3[-1]: 2.0567189505291942e-24 mol
  Fe3(OH)4[+5]: 9.058427223886939e-26 mol
  ClO3[-1]: 3.363938869540515e-27 mol
  ClO4[-1]: 1.9325235354552936e-27 mol
  FeCl2(aq): 1.1223570471342926e-27 mol
  HSO5[-1]: 7.646658516406054e-31 mol
  ClO2[-1]: 2.9202165588364203e-31 mol
  Fe(OH)4[-2]: 2.7324252755979876e-31 mol
  FeCl4[-1]: 3.2355353722840694e-34 mol
  FeCl4[-2]: 7.737646004949219e-35 mol
  HClO2(aq): 3.8061812888599996e-36 mol
volume: 1.0000158489487527 l
temperature: 298.15 K
pressure: 1 atm
pH: 7.991390154948136
pE: 8.5
balance_charge: auto
solvent: H2O(aq)
engine: native
default_diffusion_coeff: 1.6106e-09
log_level: ERROR
