'@module': pyEQL.solution
'@class': Solution
'@version': 1.5.0
solutes:
  H2O(aq): 55.34457593619076 mol
  SO4[-2]: 0.0011647880503988467 mol
  Ca[+2]: 0.00093221689070969 mol
  Na[+1]: 0.0008053627594099405 mol
  HCO3[-1]: 0.0006339659721595468 mol
  O2(aq): 0.00026723112628691543 mol
  K[+1]: 0.00019631284758878467 mol
  Cl[-1]: 0.0001425463328020468 mol
  Mg[+2]: 0.00014253619776931117 mol
  CaSO4(aq): 8.577132869584434e-05 mol
  SiO2(aq): 6.94809043864998e-05 mol
  AlO2[-1]: 3.641885550434843e-05 mol
  MgSO4(aq): 2.427121515216464e-05 mol
  CO2(aq): 1.4392447208773191e-05 mol
  Fe(OH)3(aq): 7.019504904579866e-06 mol
  B(OH)3(aq): 6.110047354106548e-06 mol
  CaHCO3[+1]: 5.1921804768611165e-06 mol
  NaSO4[-1]: 4.534017081043713e-06 mol
  CaCO3(aq): 3.929187004438699e-06 mol
  CO3[-2]: 3.351594521677052e-06 mol
  KSO4[-1]: 1.347793869301571e-06 mol
  AlHO2(aq): 1.0418360307158798e-06 mol
  OH[-1]: 9.8106171246968e-07 mol
  SiHO3[-1]: 8.097914485970518e-07 mol
  MgHCO3[+1]: 7.876885239955975e-07 mol
  NaHCO3(aq): 6.260340381634138e-07 mol
  BO2[-1]: 3.34351988874112e-07 mol
  MgCO3(aq): 2.7759429173920696e-07 mol
  Fe(OH)4[-1]: 1.799132040038298e-07 mol
  Fe(OH)2[+1]: 1.7208229993381266e-07 mol
  NaSiHO3(aq): 2.6339780766205797e-08 mol
  CaCl[+1]: 2.084394460221603e-08 mol
  NaCl(aq): 1.7265392378546256e-08 mol
  CaB(OH)4[+1]: 1.6299008242277656e-08 mol
  MgCl[+1]: 1.1884037708013432e-08 mol
  H[+1]: 1.1342354771656652e-08 mol
  Al(OH)2[+1]: 8.207987441176312e-09 mol
  NaCO3[-1]: 6.9326985860116295e-09 mol
  NaAlO2(aq): 4.796294310757265e-09 mol
  MgB(OH)4[+1]: 3.0019401781897686e-09 mol
  HSO4[-1]: 9.839688611906667e-10 mol
  KCl(aq): 8.026872592096451e-10 mol
  NaB(OH)4(aq): 4.569722789404087e-10 mol
  NaOH(aq): 1.1674956265756982e-10 mol
  KOH(aq): 5.925770643158414e-11 mol
  Si(HO2)2[-2]: 9.29460745644126e-12 mol
  CaCl2(aq): 2.990466711116097e-12 mol
  HCl(aq): 3.131884361200532e-13 mol
  FeCO3[+1]: 1.2852283302452482e-13 mol
  Al[+3]: 6.21661882728678e-14 mol
  AlSO4[+1]: 3.0917769549547467e-14 mol
  KHSO4(aq): 1.1653249270120259e-14 mol
  Si2H7O8[-1]: 6.5686414061404546e-15 mol
  Al(SO4)2[-1]: 2.0450303799966193e-15 mol
  Fe[+2]: 2.7577556658013188e-17 mol
  Fe[+3]: 1.585795049966406e-17 mol
  FeHCO3[+1]: 6.802478094343719e-18 mol
  Al13(H6O7)4[+7]: 6.138103667131488e-18 mol
  FeCO3(aq): 2.8475485732390358e-18 mol
  FeSO4(aq): 2.7530199365281554e-18 mol
  FeSO4[+1]: 7.456967291628683e-19 mol
  AlOH[+2]: 6.651052248429903e-19 mol
  Fe(SO4)2[-1]: 1.0742183889996272e-20 mol
  H2SO4(aq): 9.097328942594377e-21 mol
  SiH3O4[-1]: 7.562271616579117e-21 mol
  FeOH[+2]: 2.3794467852367674e-21 mol
  FeCl[+1]: 2.119444155824463e-21 mol
  ClO[-1]: 1.8055114592842053e-21 mol
  B2H5O6[-1]: 7.889743298814725e-22 mol
  HClO(aq): 6.561603506699569e-22 mol
  Fe(OH)2(aq): 4.556638591986181e-22 mol
  FeCl[+2]: 2.5117376115683575e-22 mol
  Al3(OH)4[+5]: 2.450159736509789e-22 mol
  FeCl2[+1]: 2.1239963716266092e-23 mol
  Fe(OH)3[-1]: 1.8509775018135248e-24 mol
  Fe3(OH)4[+5]: 1.5472940459003131e-25 mol
  ClO3[-1]: 3.363925727055234e-27 mol
  ClO4[-1]: 1.9325159853293535e-27 mol
  FeCl2(aq): 1.387251253384472e-27 mol
  HSO5[-1]: 8.756473813218568e-31 mol
  ClO2[-1]: 2.920192379342161e-31 mol
  Fe(OH)4[-2]: 2.2131465555256695e-31 mol
  FeCl4[-1]: 4.445270311566874e-34 mol
  FeCl4[-2]: 9.567455094051041e-35 mol
  HClO2(aq): 4.2307873597627484e-36 mol
volume: 1.0 l
temperature: 298.15 K
pressure: 1 atm
pH: 7.945296772764782
pE: 8.5
balance_charge: auto
solvent: H2O(aq)
default_diffusion_coeff: 1.6106e-09
log_level: ERROR
