'@module': pyEQL.solution
'@class': Solution
'@version': 1.5.0
solutes:
  H2O(aq): 55.34457593619076 mol
  SO4[-2]: 0.001434677345278886 mol
  Ca[+2]: 0.0012618622585804258 mol
  HCO3[-1]: 0.0011522358370669064 mol
  Na[+1]: 0.0011132633704433199 mol
  K[+1]: 0.00027149083723870186 mol
  O2(aq): 0.0002671134989278507 mol
  Cl[-1]: 0.00019735178792099658 mol
  Mg[+2]: 0.00019221343767517678 mol
  CaSO4(aq): 0.00013147562699067274 mol
  SiO2(aq): 9.52565861322772e-05 mol
  AlO2[-1]: 5.107084217033161e-05 mol
  MgSO4(aq): 3.719074539436949e-05 mol
  CaCO3(aq): 1.6516592906299573e-05 mol
  CO2(aq): 1.438611207267152e-05 mol
  CaHCO3[+1]: 1.2271969730446596e-05 mol
  CO3[-2]: 1.1309123309516711e-05 mol
  Fe(OH)3(aq): 9.625733532172981e-06 mol
  B(OH)3(aq): 8.084523679584996e-06 mol
  NaSO4[-1]: 7.387605013112089e-06 mol
  KSO4[-1]: 2.195884946977747e-06 mol
  SiHO3[-1]: 2.0178006545104314e-06 mol
  MgHCO3[+1]: 1.8610552382995088e-06 mol
  OH[-1]: 1.7835566105207939e-06 mol
  NaHCO3(aq): 1.5390214228769141e-06 mol
  MgCO3(aq): 1.1664564984267809e-06 mol
  BO2[-1]: 8.041094208745707e-07 mol
  AlHO2(aq): 8.038178549708179e-07 mol
  Fe(OH)4[-1]: 4.4840031917458515e-07 mol
  Fe(OH)2[+1]: 1.3268542289932105e-07 mol
  NaSiHO3(aq): 8.877455739730494e-08 mol
  CaB(OH)4[+1]: 5.0972463976655306e-08 mol
  CaCl[+1]: 3.750761962388189e-08 mol
  NaCl(aq): 3.2314561586536055e-08 mol
  NaCO3[-1]: 3.0976866710330376e-08 mol
  MgCl[+1]: 2.1376857583739936e-08 mol
  MgB(OH)4[+1]: 9.384620858962141e-09 mol
  NaAlO2(aq): 9.09753715614565e-09 mol
  H[+1]: 6.363437670543606e-09 mol
  Al(OH)2[+1]: 3.5607516896495323e-09 mol
  KCl(aq): 1.5022208128625262e-09 mol
  NaB(OH)4(aq): 1.4864370661213804e-09 mol
  HSO4[-1]: 6.521419423799003e-10 mol
  NaOH(aq): 2.87013272582807e-10 mol
  KOH(aq): 1.4566564826759153e-10 mol
  Si(HO2)2[-2]: 4.303975130307653e-11 mol
  CaCl2(aq): 7.286081158952685e-12 mol
  HCl(aq): 2.3843378666032003e-13 mol
  FeCO3[+1]: 9.910150027158457e-14 mol
  Si2H7O8[-1]: 7.836562665707633e-14 mol
  KHSO4(aq): 1.0445871794963526e-14 mol
  Al[+3]: 8.934205347513961e-15 mol
  AlSO4[+1]: 4.8911551225276055e-15 mol
  Al(SO4)2[-1]: 3.8134423404584436e-16 mol
  Fe[+2]: 1.217805812593219e-17 mol
  FeHCO3[+1]: 5.2451827830468185e-18 mol
  Fe[+3]: 4.050706287311613e-18 mol
  FeCO3(aq): 3.904971658085531e-18 mol
  FeSO4(aq): 1.3767067720062756e-18 mol
  SiH3O4[-1]: 3.3292532607708176e-19 mol
  FeSO4[+1]: 2.0967542130668572e-19 mol
  AlOH[+2]: 4.466755204185981e-20 mol
  Al13(H6O7)4[+7]: 5.679495029166089e-21 mol
  Fe(SO4)2[-1]: 3.5603443815011406e-21 mol
  H2SO4(aq): 3.3173112837944293e-21 mol
  B2H5O6[-1]: 2.5105630766854318e-21 mol
  ClO[-1]: 2.4983356034506494e-21 mol
  FeCl[+1]: 1.2442010123631307e-21 mol
  Fe(OH)2(aq): 6.248537797639904e-22 mol
  FeOH[+2]: 5.048260993297495e-22 mol
  HClO(aq): 4.995420616571819e-22 mol
  FeCl[+2]: 8.4685610351772e-23 mol
  FeCl2[+1]: 9.492726668974875e-24 mol
  Al3(OH)4[+5]: 7.702079306255814e-24 mol
  Fe(OH)3[-1]: 4.613287060400052e-24 mol
  Fe3(OH)4[+5]: 2.731067647277815e-26 mol
  ClO3[-1]: 4.655990302559101e-27 mol
  ClO4[-1]: 2.6747842899345248e-27 mol
  FeCl2(aq): 1.1026536960752313e-27 mol
  Fe(OH)4[-2]: 1.0250690982886291e-30 mol
  HSO5[-1]: 5.803500564073706e-31 mol
  ClO2[-1]: 4.040750089245277e-31 mol
  FeCl4[-1]: 3.722214865933045e-34 mol
  FeCl4[-2]: 1.4888117543066615e-34 mol
  HClO2(aq): 3.2209447553043536e-36 mol
volume: 1.0 l
temperature: 298.15 K
pressure: 1 atm
pH: 8.19630820541926
pE: 8.5
balance_charge: auto
solvent: H2O(aq)
default_diffusion_coeff: 1.6106e-09
log_level: ERROR
