'@module': pyEQL.solution
'@class': Solution
'@version': src
solutes:
  H2O(aq): 55.34620890239339 mol
  SO4[-2]: 0.002034470532191126 mol
  Ca[+2]: 0.0013235222822597893 mol
  Na[+1]: 0.0011127728432603137 mol
  K[+1]: 0.00027089422985711634 mol
  Cl[-1]: 0.0002255417006706132 mol
  Mg[+2]: 0.00018865118460758824 mol
  S[-0.4]: 0.00018152138210247078 mol
  CaSO4(aq): 0.00017243423545701373 mol
  HCO3[-1]: 8.237791689446858e-05 mol
  SiO2(aq): 4.576334114695585e-05 mol
  MgSO4(aq): 4.5706328947412745e-05 mol
  AlO2[-1]: 2.89685653056854e-05 mol
  NaSO4[-1]: 9.376369222847527e-06 mol
  CO2(aq): 7.652985163062984e-06 mol
  AlHO2(aq): 3.393265878461442e-06 mol
  KSO4[-1]: 2.781489693932981e-06 mol
  Al13(H6O7)4[+7]: 1.2074672816107595e-06 mol
  CaHCO3[+1]: 9.062062877104901e-07 mol
  NH4[+1]: 8.508470200062988e-07 mol
  OH[-1]: 2.396884690927222e-07 mol
  Sb(OH)3(aq): 2.043021703792611e-07 mol
  CaCO3(aq): 1.625128704808582e-07 mol
  SiHO3[-1]: 1.3025673004689537e-07 mol
  MgHCO3[+1]: 1.2877610122710302e-07 mol
  Al(OH)2[+1]: 1.1280995586179211e-07 mol
  CO3[-2]: 1.0953196827416365e-07 mol
  NaHCO3(aq): 1.0906138882834055e-07 mol
  H[+1]: 4.77146266859821e-08 mol
  CaCl[+1]: 4.426388393808275e-08 mol
  NaCl(aq): 3.659669330634308e-08 mol
  MgCl[+1]: 2.3639434993595277e-08 mol
  MgCO3(aq): 1.0754718728145388e-08 mol
  NH3(aq): 1.0081312948061554e-08 mol
  HSO4[-1]: 6.214733474528498e-09 mol
  NaSiHO3(aq): 5.680248821511103e-09 mol
  NaAlO2(aq): 5.114871612182085e-09 mol
  CaOH[+1]: 3.2580118140070763e-09 mol
  AlOH[+2]: 2.8270568978323866e-09 mol
  KCl(aq): 1.6979081509627446e-09 mol
  S[-0.5]: 5.537499678810622e-10 mol
  NaCO3[-1]: 2.9495622880689153e-10 mol
  NaOH(aq): 3.822702981951957e-11 mol
  KOH(aq): 1.9362550383650995e-11 mol
  Al[+3]: 1.6223074941351755e-11 mol
  AlSO4[+1]: 1.0989563281109391e-11 mol
  CaCl2(aq): 9.742243935305364e-12 mol
  Sb(OH)4[-1]: 5.881756486774992e-12 mol
  HCl(aq): 2.027499316703276e-12 mol
  Al(SO4)2[-1]: 1.0879491982692742e-12 mol
  Si(HO2)2[-2]: 3.7655351190578923e-13 mol
  Sb(OH)2[+1]: 3.060939783435404e-13 mol
  KHSO4(aq): 9.847337858598317e-14 mol
  S[-0.66666667]: 1.0257423834425353e-15 mol
  Si2H7O8[-1]: 7.60232130533745e-17 mol
  Al3(OH)4[+5]: 1.4873853619498588e-17 mol
  SbH4NO2(aq): 5.43753849184682e-18 mol
  NH4SO4[-1]: 5.417931610605789e-18 mol
  H2SO4(aq): 2.352734252803468e-19 mol
  S[-1]: 1.1260252235452519e-21 mol
  HS[-1]: 3.1523831936715675e-22 mol
  H2S(aq): 1.291382588407024e-22 mol
  O2(aq): 2.6698897044104215e-23 mol
  SiH3O4[-1]: 6.086077255584844e-24 mol
  MgOH[+1]: 6.585531467569962e-26 mol
  S[-2]: 1.1135796040798782e-27 mol
  HClO(aq): 1.3430707796373901e-30 mol
  ClO[-1]: 9.025501483238868e-31 mol
  H2(aq): 1.533021445783703e-35 mol
  SbH4S2N(aq): 0.0 mol
  ClO2[-1]: 0.0 mol
  ClO3[-1]: 0.0 mol
  ClO4[-1]: 0.0 mol
  HClO2(aq): 0.0 mol
  Sb2HS4[-1]: 0.0 mol
  SbS2[-1]: 0.0 mol
  SbCl4[-1]: 0.0 mol
volume: 1.0003416568657577 l
temperature: 298.15 K
pressure: 1 atm
pH: 7.321496824045971
pE: 8.5
balance_charge: SO4[-2]
solvent: H2O(aq)
engine: native
default_diffusion_coeff: 1.6106e-09
log_level: ERROR
