'@module': pyEQL.solution
'@class': Solution
'@version': 1.3.2.post1.dev89+g8391a3291
solutes:
  H2O(aq): 55.34487330779744 mol
  SO4[-2]: 0.0015155273877217235 mol
  Na[+1]: 0.0011142329314078746 mol
  Ca[+2]: 0.0007981143832721763 mol
  K[+1]: 0.00027132657880003493 mol
  Cl[-1]: 0.00022555038085755676 mol
  Mg[+2]: 0.00019378363053126172 mol
  S[-0.4]: 0.00018152138475916734 mol
  CaSO4(aq): 0.00011054495665121059 mol
  HCO3[-1]: 8.254798773639e-05 mol
  SiO2(aq): 4.576425272315044e-05 mol
  MgSO4(aq): 4.0564838942292975e-05 mol
  AlO2[-1]: 2.9424087492257574e-05 mol
  NaSO4[-1]: 7.913443149856666e-06 mol
  CO2(aq): 7.728515157558072e-06 mol
  AlHO2(aq): 3.4723689376137138e-06 mol
  KSO4[-1]: 2.349110981383602e-06 mol
  Al13(H6O7)4[+7]: 1.1661941967064603e-06 mol
  NH4[+1]: 8.507670189827694e-07 mol
  CaHCO3[+1]: 6.90696667118046e-07 mol
  OH[-1]: 2.3786238421743183e-07 mol
  Sb(OH)3(aq): 2.043022161707027e-07 mol
  MgHCO3[+1]: 1.3587937442597668e-07 mol
  SiHO3[-1]: 1.2929518898569548e-07 mol
  CaCO3(aq): 1.2478381287459862e-07 mol
  Al(OH)2[+1]: 1.1458959926254156e-07 mol
  NaHCO3(aq): 1.1106796597155437e-07 mol
  CO3[-2]: 1.073793390355181e-07 mol
  H[+1]: 4.743784457699398e-08 mol
  NaCl(aq): 3.720941576129042e-08 mol
  CaCl[+1]: 3.368239910244926e-08 mol
  MgCl[+1]: 2.4902822235264414e-08 mol
  MgCO3(aq): 1.1432139733805898e-08 mol
  NH3(aq): 1.0161313972396973e-08 mol
  NaSiHO3(aq): 5.730224846527088e-09 mol
  NaAlO2(aq): 5.27998711558773e-09 mol
  HSO4[-1]: 5.199518659014099e-09 mol
  AlOH[+2]: 2.8095238650465126e-09 mol
  CaOH[+1]: 2.459689693134371e-09 mol
  KCl(aq): 1.7275096881574544e-09 mol
  S[-0.5]: 5.504290906068079e-10 mol
  NaCO3[-1]: 2.981559018600958e-10 mol
  NaOH(aq): 3.856166055561519e-11 mol
  KOH(aq): 1.954533087296082e-11 mol
  Al[+3]: 1.5738918217485588e-11 mol
  AlSO4[+1]: 9.409147495763711e-12 mol
  CaCl2(aq): 7.527556633269017e-12 mol
  Sb(OH)4[-1]: 5.838223012929693e-12 mol
  HCl(aq): 2.043532588570215e-12 mol
  Al(SO4)2[-1]: 7.851267478572113e-13 mol
  Si(HO2)2[-2]: 3.6540406505957627e-13 mol
  Sb(OH)2[+1]: 3.0383596710575275e-13 mol
  KHSO4(aq): 8.378704515287522e-14 mol
  S[-0.66666667]: 1.0134763616960925e-15 mol
  Si2H7O8[-1]: 7.378758244323358e-17 mol
  Al3(OH)4[+5]: 1.343830861245274e-17 mol
  SbH4NO2(aq): 5.48075258123455e-18 mol
  NH4SO4[-1]: 4.568960528809583e-18 mol
  H2SO4(aq): 1.9831038804531862e-19 mol
  S[-1]: 1.1058878843017968e-21 mol
  HS[-1]: 3.147358595230974e-22 mol
  H2S(aq): 1.2992075716565397e-22 mol
  O2(aq): 2.670504893376526e-23 mol
  SiH3O4[-1]: 5.395506165066063e-24 mol
  MgOH[+1]: 7.238327287543694e-26 mol
  S[-2]: 1.0887051778125358e-27 mol
  HClO(aq): 1.3536409875458793e-30 mol
  ClO[-1]: 9.029089985791066e-31 mol
  H2(aq): 1.533566292752759e-35 mol
  SbH4S2N(aq): 0.0 mol
  ClO2[-1]: 0.0 mol
  ClO3[-1]: 0.0 mol
  ClO4[-1]: 0.0 mol
  HClO2(aq): 0.0 mol
  Sb2HS4[-1]: 0.0 mol
  SbS2[-1]: 0.0 mol
  SbCl4[-1]: 0.0 mol
volume: 1.0003195053028713 l
temperature: 298.15 K
pressure: 1 atm
pH: 7.324013789366752
pE: 8.5
charge_balance: '-2.2176477491373666e-09'
solvent: H2O(aq)
engine: native
