'@module': pyEQL.solution
'@class': Solution
'@version': src
solutes:
  H2O(aq): 55.34457593619076 mol
  SO4[-2]: 0.0013955765233025718 mol
  HCO3[-1]: 0.0013377490456139437 mol
  Ca[+2]: 0.0012756199237886129 mol
  Na[+1]: 0.0011133281556115096 mol
  K[+1]: 0.0002715503118227354 mol
  Cl[-1]: 0.0001973512178384149 mol
  Mg[+2]: 0.000193619714159872 mol
  CaSO4(aq): 0.00012929104320054272 mol
  CO2(aq): 0.00011278342553639251 mol
  SiO2(aq): 9.704537768037077e-05 mol
  MgSO4(aq): 3.644266139964308e-05 mol
  CaHCO3[+1]: 1.4403434668876184e-05 mol
  NaSO4[-1]: 7.186773878284954e-06 mol
  CaCO3(aq): 2.870817374466383e-06 mol
  MgHCO3[+1]: 2.1765220408325683e-06 mol
  KSO4[-1]: 2.136534058157699e-06 mol
  CO3[-2]: 1.9444214191667243e-06 mol
  NaHCO3(aq): 1.7869243823177654e-06 mol
  SiHO3[-1]: 3.044314993930654e-07 mol
  OH[-1]: 2.6413015061874135e-07 mol
  MgCO3(aq): 2.0202525441755048e-07 mol
  H[+1]: 4.296931109589386e-08 mol
  CaCl[+1]: 3.791725051686957e-08 mol
  NaCl(aq): 3.231657456622489e-08 mol
  MgCl[+1]: 2.1533429998578215e-08 mol
  NaSiHO3(aq): 1.3394548596288401e-08 mol
  NaCO3[-1]: 5.326350142761771e-09 mol
  HSO4[-1]: 4.283645190857074e-09 mol
  KCl(aq): 1.502556296869573e-09 mol
  NaOH(aq): 4.250708596598703e-11 mol
  KOH(aq): 2.157676959486193e-11 mol
  CaCl2(aq): 7.365684621212604e-12 mol
  HCl(aq): 1.6100371402659218e-12 mol
  Si(HO2)2[-2]: 9.616342156093528e-13 mol
  KHSO4(aq): 6.863003398825952e-14 mol
  Si2H7O8[-1]: 1.851445913258227e-15 mol
  H2SO4(aq): 1.471386844909049e-19 mol
  SiH3O4[-1]: 1.7249656425995698e-22 mol
  O2(aq): 4.0066881828959916e-23 mol
  HClO(aq): 1.3064270747440677e-30 mol
  ClO[-1]: 9.67597201124923e-31 mol
  H2(aq): 1.2517063882206578e-35 mol
volume: 1.0 l
temperature: 298.15 K
pressure: 1 atm
pH: 7.366841609072676
pE: 8.5
balance_charge: auto
solvent: H2O(aq)
default_diffusion_coeff: 1.6106e-09
log_level: ERROR
