'@module': pyEQL.solution
'@class': Solution
'@version': 1.5.0
solutes:
  H2O(aq): 55.34457593619076 mol
  SO4[-2]: 0.0010546212484663637 mol
  Ca[+2]: 0.0009345668552301754 mol
  HCO3[-1]: 0.0008581984431766071 mol
  Na[+1]: 0.0008055424540170101 mol
  O2(aq): 0.000267237009415357 mol
  K[+1]: 0.00019643643868734592 mol
  Mg[+2]: 0.00014397631744071556 mol
  Cl[-1]: 0.00014254605874751444 mol
  CaSO4(aq): 7.822889587079066e-05 mol
  SiO2(aq): 6.918984743471488e-05 mol
  AlO2[-1]: 3.668904833841859e-05 mol
  MgSO4(aq): 2.2300299614667244e-05 mol
  CO2(aq): 1.4392764060394407e-05 mol
  CaCO3(aq): 7.24392664196426e-06 mol
  CaHCO3[+1]: 7.062538433788193e-06 mol
  Fe(OH)3(aq): 7.0019205735947304e-06 mol
  CO3[-2]: 6.134383581810401e-06 mol
  B(OH)3(aq): 5.993765950270063e-06 mol
  NaSO4[-1]: 4.116386779515363e-06 mol
  OH[-1]: 1.328042620292652e-06 mol
  KSO4[-1]: 1.2241801183900057e-06 mol
  SiHO3[-1]: 1.0916218271336266e-06 mol
  MgHCO3[+1]: 1.0793434932312822e-06 mol
  NaHCO3(aq): 8.487001315392666e-07 mol
  AlHO2(aq): 7.753299207635118e-07 mol
  MgCO3(aq): 5.155561729335454e-07 mol
  BO2[-1]: 4.439999947444893e-07 mol
  Fe(OH)4[-1]: 2.4293822292836636e-07 mol
  Fe(OH)2[+1]: 1.266448306649276e-07 mol
  NaSiHO3(aq): 3.555868800393227e-08 mol
  CaB(OH)4[+1]: 2.1748422822772173e-08 mol
  CaCl[+1]: 2.0945017553821566e-08 mol
  NaCl(aq): 1.7291097087409823e-08 mol
  NaCO3[-1]: 1.2722768455142483e-08 mol
  MgCl[+1]: 1.202981517007518e-08 mol
  H[+1]: 8.36939126942762e-09 mol
  NaAlO2(aq): 4.83894321806334e-09 mol
  Al(OH)2[+1]: 4.506750900667347e-09 mol
  MgB(OH)4[+1]: 4.035178371343708e-09 mol
  KCl(aq): 8.042318876399953e-10 mol
  HSO4[-1]: 6.589566535144123e-10 mol
  NaB(OH)4(aq): 6.077174712941053e-10 mol
  NaOH(aq): 1.5827473131543572e-10 mol
  KOH(aq): 8.036926252982707e-11 mol
  Si(HO2)2[-2]: 1.6939606890148907e-11 mol
  CaCl2(aq): 3.008770049454966e-12 mol
  HCl(aq): 2.3136320112380354e-13 mol
  FeCO3[+1]: 9.458721179148536e-14 mol
  Al[+3]: 1.8530240807927413e-14 mol
  Si2H7O8[-1]: 1.1821548601537301e-14 mol
  AlSO4[+1]: 8.39826574108848e-15 mol
  KHSO4(aq): 7.818904336756128e-15 mol
  Al(SO4)2[-1]: 5.04216848519187e-16 mol
  Fe[+2]: 1.4958534137116183e-17 mol
  Fe[+3]: 6.33575356321591e-18 mol
  FeHCO3[+1]: 5.0063228316940025e-18 mol
  FeCO3(aq): 2.8404237865567344e-18 mol
  FeSO4(aq): 1.3585482722303325e-18 mol
  FeSO4[+1]: 2.7149890967081054e-19 mol
  AlOH[+2]: 1.0839712599460389e-19 mol
  SiH3O4[-1]: 2.4783593699064883e-20 mol
  Al13(H6O7)4[+7]: 1.5317218646057288e-20 mol
  H2SO4(aq): 4.500558473815409e-21 mol
  Fe(SO4)2[-1]: 3.550050793802511e-21 mol
  ClO[-1]: 1.8055594708344622e-21 mol
  FeCl[+1]: 1.1522944012195777e-21 mol
  B2H5O6[-1]: 1.0277715778274936e-21 mol
  FeOH[+2]: 6.9671024089400325e-22 mol
  HClO(aq): 4.847284946476276e-22 mol
  Fe(OH)2(aq): 4.54522844760234e-22 mol
  FeCl[+2]: 1.0063071921475383e-22 mol
  Al3(OH)4[+5]: 2.1829954445709918e-23 mol
  FeCl2[+1]: 8.530698330244246e-24 mol
  Fe(OH)3[-1]: 2.4993920637022404e-24 mol
  Fe3(OH)4[+5]: 3.3197430424552594e-26 mol
  ClO3[-1]: 3.3639680184125324e-27 mol
  ClO4[-1]: 1.9325402809680996e-27 mol
  FeCl2(aq): 7.551718732451392e-28 mol
  HSO5[-1]: 5.864145612862947e-31 mol
  Fe(OH)4[-2]: 4.040328442814694e-31 mol
  ClO2[-1]: 2.920270032110555e-31 mol
  FeCl4[-1]: 1.7876812444154475e-34 mol
  FeCl4[-2]: 5.20190031461507e-35 mol
  HClO2(aq): 3.125429913553962e-36 mol
volume: 1.0 l
temperature: 298.15 K
pressure: 1 atm
pH: 8.077306128379794
pE: 8.5
balance_charge: auto
solvent: H2O(aq)
default_diffusion_coeff: 1.6106e-09
log_level: ERROR
