'@module': pyEQL.solution
'@class': Solution
'@version': 1.5.0
solutes:
  H2O(aq): 55.34457593619076 mol
  Li[+1]: 0.14272463422929801 mol
  F[-1]: 0.08537842768501239 mol
  SO4[-2]: 0.0270911418376103 mol
  LiSO4[-1]: 0.006817929664326424 mol
  Na[+1]: 0.004334738513391306 mol
  Cl[-1]: 0.001372287766151368 mol
  Ca[+2]: 0.00042518468837729484 mol
  NaSO4[-1]: 0.0002214348161665585 mol
  CaSO4(aq): 0.0001656107918704715 mol
  CaF[+1]: 6.288796522650136e-05 mol
  NaF(aq): 2.139405727215405e-05 mol
  LiCl(aq): 3.5850019501600385e-06 mol
  NaCl(aq): 5.559280385331809e-07 mol
  HF2[-1]: 1.8953948298909164e-07 mol
  OH[-1]: 1.3514529858327685e-07 mol
  H[+1]: 1.1870120878668533e-07 mol
  HSO4[-1]: 1.0224894532364879e-07 mol
  CaCl[+1]: 4.146761725799223e-08 mol
  LiOH(aq): 2.6007177130763368e-08 mol
  CaOH[+1]: 2.8710778865921347e-10 mol
  HF(aq): 2.1453786481016196e-10 mol
  NaOH(aq): 5.462356536310086e-11 mol
  CaCl2(aq): 3.5590894929892026e-11 mol
  HCl(aq): 2.145668235931673e-11 mol
  H2SO4(aq): 6.9274696117160615e-18 mol
  S5[-2]: 2.7043113877473814e-22 mol
  S4[-2]: 3.616417004746368e-24 mol
  O2(aq): 1.07770925956556e-24 mol
  HS[-1]: 1.9781956641118304e-25 mol
  H2S(aq): 1.430757331920049e-25 mol
  S3[-2]: 2.93656062166754e-26 mol
  S2[-2]: 1.4131383100318595e-28 mol
  HClO(aq): 2.913321629471757e-30 mol
  ClO[-1]: 1.093944903643787e-30 mol
  S[-2]: 5.57504925419373e-31 mol
  H2(aq): 7.153867932777753e-35 mol
  ClO2[-1]: 0.0 mol
  ClO3[-1]: 0.0 mol
  ClO4[-1]: 0.0 mol
  HClO2(aq): 0.0 mol
volume: 1.0 l
temperature: 298.15 K
pressure: 1 atm
pH: 6.925544858410917
pE: 8.5
balance_charge: auto
solvent: H2O(aq)
default_diffusion_coeff: 1.6106e-09
log_level: ERROR
