'@module': pyEQL.solution
'@class': Solution
'@version': 1.5.0
solutes:
  H2O(aq): 55.34457593619076 mol
  Li[+1]: 0.12647636221372682 mol
  F[-1]: 0.05880197283637076 mol
  SO4[-2]: 0.031963023749143324 mol
  LiSO4[-1]: 0.007295755183542572 mol
  Na[+1]: 0.004297228289840089 mol
  Cl[-1]: 0.001372568262093996 mol
  HF(aq): 0.0005845295617094183 mol
  Ca[+2]: 0.0004128286487766104 mol
  HSO4[-1]: 0.00029303846198584576 mol
  H[+1]: 0.00028215962810060476 mol
  NaSO4[-1]: 0.0002655596211006883 mol
  O2(aq): 0.00025725497325723907 mol
  HF2[-1]: 0.00021560610498562075 mol
  CaSO4(aq): 0.00019801965876196643 mol
  MgSO4(aq): 9.656721415969621e-05 mol
  Mg[+2]: 9.600410035228015e-05 mol
  MgF[+1]: 5.425112236452252e-05 mol
  CaF[+1]: 4.283578241103091e-05 mol
  NaF(aq): 1.4777288837513648e-05 mol
  CO2(aq): 1.3855154798935393e-05 mol
  LiCl(aq): 3.2110232138531202e-06 mol
  NaCl(aq): 5.580473190918557e-07 mol
  HCl(aq): 5.147124515592113e-08 mol
  CaCl[+1]: 4.1048669184466295e-08 mol
  MgCl[+1]: 4.033250583475678e-08 mol
  HCO3[-1]: 3.5969293558262025e-08 mol
  NaHCO3(aq): 1.2260944790465815e-10 mol
  CaHCO3[+1]: 6.195842478307017e-11 mol
  OH[-1]: 5.640846568770878e-11 mol
  H2SO4(aq): 4.7553400914091037e-11 mol
  CaCl2(aq): 3.5674330760020025e-11 mol
  MgHCO3[+1]: 1.619858648293044e-11 mol
  LiOH(aq): 9.71395361906946e-12 mol
  CaOH[+1]: 1.1851784206584957e-13 mol
  NaOH(aq): 2.2865528945597755e-14 mol
  CO3[-2]: 1.6690575188369398e-14 mol
  CaCO3(aq): 1.7281902789341623e-15 mol
  MgCO3(aq): 2.104124353568454e-16 mol
  HClO(aq): 1.0783728380693567e-16 mol
  NaCO3[-1]: 7.735776186428713e-17 mol
  ClO[-1]: 1.690576364658959e-20 mol
  HSO5[-1]: 2.607789453357206e-25 mol
  ClO3[-1]: 3.19200043487681e-26 mol
  ClO4[-1]: 1.8337479380016056e-26 mol
  ClO2[-1]: 2.7342990216912294e-30 mol
  HClO2(aq): 6.953126880886863e-31 mol
  S2O8[-2]: 9.229007044741642e-36 mol
  H2C(aq): 0.0 mol
  H3C(aq): 0.0 mol
  CH4(aq): 0.0 mol
  CO(aq): 0.0 mol
  H2(aq): 0.0 mol
  H2S(aq): 0.0 mol
  H2SO3(aq): 0.0 mol
  HS[-1]: 0.0 mol
  HS2O3[-1]: 0.0 mol
  HSO3[-1]: 0.0 mol
  MgOH[+1]: 0.0 mol
  S[-2]: 0.0 mol
  S2[-2]: 0.0 mol
  S2O3[-2]: 0.0 mol
  SO2[-1]: 0.0 mol
  S2O5[-2]: 0.0 mol
  S2O6[-2]: 0.0 mol
  S3[-2]: 0.0 mol
  SO2[-0.66666667]: 0.0 mol
  S4[-2]: 0.0 mol
  S2O3[-1]: 0.0 mol
  S5[-2]: 0.0 mol
  S5O6[-2]: 0.0 mol
  SO2(aq): 0.0 mol
  SO3[-2]: 0.0 mol
volume: 1.0 l
temperature: 298.15 K
pressure: 1 atm
pH: 3.5495051257603345
pE: 8.5
balance_charge: auto
solvent: H2O(aq)
default_diffusion_coeff: 1.6106e-09
log_level: ERROR
