'@module': pyEQL.solution
'@class': Solution
'@version': 1.5.0
solutes:
  H2O(aq): 55.34457593619076 mol
  Li[+1]: 0.1265042699071994 mol
  F[-1]: 0.05863955084799157 mol
  SO4[-2]: 0.03193512002292941 mol
  LiSO4[-1]: 0.007296500887356591 mol
  Na[+1]: 0.004297276210193533 mol
  Cl[-1]: 0.0013726063679986543 mol
  HF(aq): 0.0005825745566551171 mol
  Ca[+2]: 0.0004128220442684975 mol
  HSO4[-1]: 0.00029322986327841094 mol
  H[+1]: 0.0002823916837904443 mol
  NaSO4[-1]: 0.0002655465437474299 mol
  O2(aq): 0.00025727564823324037 mol
  HF2[-1]: 0.0002146549223027116 mol
  CaSO4(aq): 0.0001981195798931113 mol
  CaF[+1]: 4.274243951274484e-05 mol
  NaF(aq): 1.4742200725422217e-05 mol
  CO2(aq): 1.3856268305078661e-05 mol
  LiCl(aq): 3.212919840373507e-06 mol
  NaCl(aq): 5.582923755182669e-07 mol
  HCl(aq): 5.153001916917511e-08 mol
  CaCl[+1]: 4.1074737472095614e-08 mol
  HCO3[-1]: 3.5931050878335674e-08 mol
  NaHCO3(aq): 1.2252429848325866e-10 mol
  CaHCO3[+1]: 6.192752160729579e-11 mol
  OH[-1]: 5.634738357149468e-11 mol
  H2SO4(aq): 4.7635462847174124e-11 mol
  CaCl2(aq): 3.571226347534687e-11 mol
  LiOH(aq): 9.708677782274371e-12 mol
  CaOH[+1]: 1.1845872859228104e-13 mol
  NaOH(aq): 2.284964936541064e-14 mol
  CO3[-2]: 1.6648550381059102e-14 mol
  CaCO3(aq): 1.7260965632228954e-15 mol
  HClO(aq): 1.0796042110288734e-16 mol
  NaCO3[-1]: 7.722127150158171e-17 mol
  ClO[-1]: 1.690694683037321e-20 mol
  HSO5[-1]: 2.6094927597038666e-25 mol
  ClO3[-1]: 3.1921610389058144e-26 mol
  ClO4[-1]: 1.8338402021828445e-26 mol
  ClO2[-1]: 2.7344903870935655e-30 mol
  HClO2(aq): 6.9610665211695076e-31 mol
  S2O8[-2]: 9.236793476089631e-36 mol
  H2C(aq): 0.0 mol
  H3C(aq): 0.0 mol
  CH4(aq): 0.0 mol
  CO(aq): 0.0 mol
  H2(aq): 0.0 mol
  H2S(aq): 0.0 mol
  H2SO3(aq): 0.0 mol
  HS[-1]: 0.0 mol
  HS2O3[-1]: 0.0 mol
  HSO3[-1]: 0.0 mol
  S[-2]: 0.0 mol
  S2[-2]: 0.0 mol
  S2O3[-2]: 0.0 mol
  SO2[-1]: 0.0 mol
  S2O5[-2]: 0.0 mol
  S2O6[-2]: 0.0 mol
  S3[-2]: 0.0 mol
  SO2[-0.66666667]: 0.0 mol
  S4[-2]: 0.0 mol
  S2O3[-1]: 0.0 mol
  S5[-2]: 0.0 mol
  S5O6[-2]: 0.0 mol
  SO2(aq): 0.0 mol
  SO3[-2]: 0.0 mol
volume: 1.0 l
temperature: 298.15 K
pressure: 1 atm
pH: 3.5491480970575586
pE: 8.5
balance_charge: auto
solvent: H2O(aq)
default_diffusion_coeff: 1.6106e-09
log_level: ERROR
