'@module': pyEQL.solution
'@class': Solution
'@version': src
solutes:
  H2O(aq): 55.34457593619076 mol
  Li[+1]: 0.14261918850859548 mol
  F[-1]: 0.08424113646735887 mol
  SO4[-2]: 0.027549547506656436 mol
  LiSO4[-1]: 0.006923199297701288 mol
  Na[+1]: 0.004331635283598447 mol
  Cl[-1]: 0.0013722922996987103 mol
  Ca[+2]: 0.00042407763685570974 mol
  NaSO4[-1]: 0.00022484628316247967 mol
  CaSO4(aq): 0.00016775240319149122 mol
  CaF[+1]: 6.185353865098741e-05 mol
  NaF(aq): 2.1086427029152346e-05 mol
  LiCl(aq): 3.5812078173740603e-06 mol
  NaCl(aq): 5.553211261725191e-07 mol
  HF2[-1]: 1.8448527309756603e-07 mol
  OH[-1]: 1.3517231967586454e-07 mol
  H[+1]: 1.1870880331108515e-07 mol
  HSO4[-1]: 1.0391616071824638e-07 mol
  CaCl[+1]: 4.1335373195182784e-08 mol
  LiOH(aq): 2.5985335552659483e-08 mol
  CaOH[+1]: 2.8625477637218737e-10 mol
  HF(aq): 2.0878175243373213e-10 mol
  NaOH(aq): 5.457586743607618e-11 mol
  CaCl2(aq): 3.546404987883212e-11 mol
  HCl(aq): 2.1452239569209583e-11 mol
  H2SO4(aq): 7.039234902148418e-18 mol
  S[-0.4]: 2.7061807695429242e-22 mol
  S[-0.5]: 3.618977260185939e-24 mol
  O2(aq): 1.0776470540348736e-24 mol
  HS[-1]: 1.9785351621515068e-25 mol
  H2S(aq): 1.4307334640645031e-25 mol
  S[-0.66666667]: 2.9386885934572597e-26 mol
  S[-1]: 1.4141859288166208e-28 mol
  HClO(aq): 2.9127522869108586e-30 mol
  ClO[-1]: 1.0939160523750685e-30 mol
  S[-2]: 5.5785699387272e-31 mol
  H2(aq): 7.15328857123028e-35 mol
  ClO2[-1]: 0.0 mol
  ClO3[-1]: 0.0 mol
  ClO4[-1]: 0.0 mol
  HClO2(aq): 0.0 mol
volume: 1.0 l
temperature: 298.15 K
pressure: 1 atm
pH: 6.925517073061752
pE: 8.5
balance_charge: auto
solvent: H2O(aq)
default_diffusion_coeff: 1.6106e-09
log_level: ERROR
