'@module': pyEQL.solution
'@class': Solution
'@version': 1.5.0
solutes:
  H2O(aq): 55.34457593619076 mol
  Li[+1]: 0.14271996438868736 mol
  F[-1]: 0.08554912300196768 mol
  SO4[-2]: 0.02713281030178446 mol
  LiSO4[-1]: 0.006822601046425467 mol
  Na[+1]: 0.0043345695040558855 mol
  Cl[-1]: 0.0013722508010548641 mol
  Ca[+2]: 0.0004251266018588907 mol
  NaSO4[-1]: 0.00022157090350763918 mol
  CaSO4(aq): 0.00016559262782536399 mol
  Mg[+2]: 9.380868550382855e-05 mol
  MgSO4(aq): 7.698912647944522e-05 mol
  MgF[+1]: 7.602616121756697e-05 mol
  CaF[+1]: 6.296425072323821e-05 mol
  NaF(aq): 2.142725653136332e-05 mol
  LiCl(aq): 3.583466855522092e-06 mol
  NaCl(aq): 5.556507909442258e-07 mol
  HF2[-1]: 1.9026766918534472e-07 mol
  OH[-1]: 1.351629048712927e-07 mol
  H[+1]: 1.1871897499550291e-07 mol
  HSO4[-1]: 1.0234335810565331e-07 mol
  CaCl[+1]: 4.143291807495877e-08 mol
  MgCl[+1]: 3.881223425587814e-08 mol
  LiOH(aq): 2.6000783406924636e-08 mol
  CaOH[+1]: 2.8691987722668226e-10 mol
  HF(aq): 2.1533706559934665e-10 mol
  NaOH(aq): 5.460628412558043e-11 mol
  CaCl2(aq): 3.554476440218953e-11 mol
  HCl(aq): 2.145259993380555e-11 mol
  H2SO4(aq): 6.933060429614168e-18 mol
  S5[-2]: 2.704157202002842e-22 mol
  S4[-2]: 3.616891122774734e-24 mol
  O2(aq): 1.0772622682247085e-24 mol
  HS[-1]: 1.9784001754019579e-25 mol
  H2S(aq): 1.4307076045924862e-25 mol
  S3[-2]: 2.937498128525073e-26 mol
  MgOH[+1]: 3.371489208233381e-28 mol
  S2[-2]: 1.4138553936881401e-28 mol
  HClO(aq): 2.9122977761126666e-30 mol
  ClO[-1]: 1.0936875402784955e-30 mol
  S[-2]: 5.578122849856394e-31 mol
  H2(aq): 7.15430392674772e-35 mol
  ClO2[-1]: 0.0 mol
  ClO3[-1]: 0.0 mol
  ClO4[-1]: 0.0 mol
  HClO2(aq): 0.0 mol
volume: 1.0 l
temperature: 298.15 K
pressure: 1 atm
pH: 6.925479861692059
pE: 8.5
balance_charge: auto
solvent: H2O(aq)
default_diffusion_coeff: 1.6106e-09
log_level: ERROR
