'@module': pyEQL.solution
'@class': Solution
'@version': 1.3.2.post1.dev89+g8391a3291
solutes:
  H2O(aq): 55.348281798450806 mol
  SO4[-2]: 0.008037980335136216 mol
  Mg[+2]: 0.006004432646526791 mol
  Cl[-1]: 0.0051756774761851036 mol
  Ca[+2]: 0.0036116715040208493 mol
  MgSO4(aq): 0.003264379056214698 mol
  Na[+1]: 0.0012723253906820556 mol
  CaSO4(aq): 0.0011818155130020231 mol
  S[-0.4]: 0.0006076351293522515 mol
  K[+1]: 0.000367382447397867 mol
  Pb[+2]: 0.0001023680487931834 mol
  H[+1]: 8.489113309314798e-05 mol
  Fe[+2]: 5.875905220670171e-05 mol
  HSO4[-1]: 3.382767154539976e-05 mol
  NaSO4[-1]: 3.187146831578341e-05 mol
  FeSO4(aq): 1.7856854536141795e-05 mol
  MgCl[+1]: 1.2927551896032755e-05 mol
  Mn[+2]: 1.2303091166395736e-05 mol
  KSO4[-1]: 1.1124445203042576e-05 mol
  PbCl[+1]: 7.279417746752657e-06 mol
  MnSO4(aq): 5.820655048402382e-06 mol
  CaCl[+1]: 2.3229008066254288e-06 mol
  NH4[+1]: 1.984890998953093e-06 mol
  NaCl(aq): 7.923022296528656e-07 mol
  FeCl[+1]: 1.1118873478197047e-07 mol
  PbCl2(aq): 9.816927042616674e-08 mol
  HCl(aq): 7.028974598322404e-08 mol
  MnCl[+1]: 6.804453552386214e-08 mol
  KCl(aq): 4.3251060395610835e-08 mol
  HPbO[+1]: 1.620388927555711e-08 mol
  CaCl2(aq): 9.680493591828455e-09 mol
  S[-0.5]: 1.5700272665344214e-09 mol
  KHSO4(aq): 5.99796718523395e-10 mol
  PbCl3[-1]: 2.528606889021564e-10 mol
  OH[-1]: 1.579376922815482e-10 mol
  FeOH[+1]: 1.5369621648965968e-10 mol
  HPb2O[+3]: 6.657320903458589e-11 mol
  NH3(aq): 1.2686120944438598e-11 mol
  CaOH[+1]: 4.929852938766992e-12 mol
  MnOH[+1]: 2.6157885649994434e-12 mol
  FeCl2(aq): 2.1139840739721233e-12 mol
  H2SO4(aq): 1.9503242150754573e-12 mol
  PbCl4[-2]: 1.210843436371951e-12 mol
  MnCl3[-1]: 2.705010865384822e-13 mol
  H2PbO2(aq): 7.36117909195418e-14 mol
  NaOH(aq): 2.3862709263461613e-14 mol
  KOH(aq): 1.4221496223276468e-14 mol
  S[-0.66666667]: 2.463259566571409e-15 mol
  H2S(aq): 4.251427449809812e-16 mol
  FeCl4[-2]: 2.36355338333954e-16 mol
  Mn2OH[+3]: 7.314189899731238e-17 mol
  NH4SO4[-1]: 3.7108944448766093e-17 mol
  Fe(OH)2(aq): 1.3774990046287831e-17 mol
  HS[-1]: 6.841102150606612e-19 mol
  Mn(OH)2(aq): 7.244872617698814e-20 mol
  H3PbO3[-1]: 1.2178939624547656e-20 mol
  S[-1]: 2.2903317461258934e-21 mol
  Mn2(OH)3[+1]: 1.4753267976197864e-22 mol
  Fe(OH)3[-1]: 8.969193371740964e-24 mol
  S[-2]: 1.8646582261431306e-27 mol
  Mn(OH)3[-1]: 1.1114574661371098e-27 mol
  H2(aq): 4.240053107750164e-29 mol
  HClO(aq): 1.6691806287157633e-32 mol
  MgOH[+1]: 1.0920235946710442e-32 mol
  Fe(OH)4[-2]: 2.151688536273532e-34 mol
  H4Pb3O4[+2]: 7.499083819407917e-36 mol
  ClO[-1]: 7.365316884257214e-36 mol
  O2(aq): 3.403460902653288e-36 mol
  Mn(OH)4[-2]: 2.2579736331591758e-37 mol
  ClO2[-1]: 0.0 mol
  ClO3[-1]: 0.0 mol
  ClO4[-1]: 0.0 mol
  HClO2(aq): 0.0 mol
  Pb(ClO3)2(aq): 0.0 mol
  Pb[+4]: 0.0 mol
  PbClO3[+1]: 0.0 mol
volume: 1.0003548359970909 l
temperature: 298.15 K
pressure: 1 atm
pH: 4.071291745570328
pE: 8.5
charge_balance: '-8.389907186931659e-08'
solvent: H2O(aq)
engine: native
