'@module': pyEQL.solution
'@class': Solution
'@version': src
solutes:
  H2O(aq): 55.34828187966045 mol
  SO4[-2]: 0.008037980336976816 mol
  Mg[+2]: 0.006004432647802521 mol
  Cl[-1]: 0.005175677476209356 mol
  Ca[+2]: 0.0036116715054335283 mol
  MgSO4(aq): 0.0032643790549516495 mol
  Na[+1]: 0.0012723253907096742 mol
  CaSO4(aq): 0.0011818155125019267 mol
  S[-0.4]: 0.0006076351293522755 mol
  K[+1]: 0.0003673824474070564 mol
  Pb[+2]: 0.00010236804880077482 mol
  H[+1]: 8.489113308843952e-05 mol
  Fe[+2]: 5.875905221427392e-05 mol
  HSO4[-1]: 3.382767151330109e-05 mol
  NaSO4[-1]: 3.187146828915333e-05 mol
  FeSO4(aq): 1.7856854528681925e-05 mol
  MgCl[+1]: 1.2927551883349079e-05 mol
  Mn[+2]: 1.230309116860001e-05 mol
  KSO4[-1]: 1.1124445193907754e-05 mol
  PbCl[+1]: 7.279417739357065e-06 mol
  MnSO4(aq): 5.820655046263512e-06 mol
  CaCl[+1]: 2.322900804262164e-06 mol
  NH4[+1]: 1.9848909989530777e-06 mol
  NaCl(aq): 7.923022286649514e-07 mol
  FeCl[+1]: 1.1118873466944976e-07 mol
  PbCl2(aq): 9.816927020189365e-08 mol
  HCl(aq): 7.028974588761365e-08 mol
  MnCl[+1]: 6.804453545842508e-08 mol
  KCl(aq): 4.3251060342304206e-08 mol
  HPbO[+1]: 1.6203889304922658e-08 mol
  CaCl2(aq): 9.680493569699115e-09 mol
  S[-0.5]: 1.5700272668755294e-09 mol
  KHSO4(aq): 5.997967172055472e-10 mol
  PbCl3[-1]: 2.5286068795746325e-10 mol
  OH[-1]: 1.5793769272988208e-10 mol
  FeOH[+1]: 1.536962167688078e-10 mol
  HPb2O[+3]: 6.657320904080917e-11 mol
  NH3(aq): 1.2686120964435018e-11 mol
  CaOH[+1]: 4.929852947694136e-12 mol
  MnOH[+1]: 2.6157885698818923e-12 mol
  FeCl2(aq): 2.1139840691510275e-12 mol
  H2SO4(aq): 1.9503242105411504e-12 mol
  PbCl4[-2]: 1.2108434298507966e-12 mol
  MnCl3[-1]: 2.7050108554256506e-13 mol
  H2PbO2(aq): 7.361179116775161e-14 mol
  NaOH(aq): 2.386270930119638e-14 mol
  KOH(aq): 1.422149624597007e-14 mol
  S[-0.66666667]: 2.4632595676416595e-15 mol
  H2S(aq): 4.251427442646603e-16 mol
  FeCl4[-2]: 2.363553370619723e-16 mol
  Mn2OH[+3]: 7.314189901208927e-17 mol
  NH4SO4[-1]: 3.710894441759852e-17 mol
  Fe(OH)2(aq): 1.3774990092790207e-17 mol
  HS[-1]: 6.841102148457113e-19 mol
  Mn(OH)2(aq): 7.244872642520826e-20 mol
  H3PbO3[-1]: 1.2178939682380724e-20 mol
  S[-1]: 2.2903317476186346e-21 mol
  Mn2(OH)3[+1]: 1.4753268032635534e-22 mol
  Fe(OH)3[-1]: 8.969193414367997e-24 mol
  S[-2]: 1.8646582278340764e-27 mol
  Mn(OH)3[-1]: 1.1114574714753086e-27 mol
  H2(aq): 4.2400531015822197e-29 mol
  HClO(aq): 1.669180631345379e-32 mol
  MgOH[+1]: 1.0920235968899021e-32 mol
  Fe(OH)4[-2]: 2.1516885490356087e-34 mol
  H4Pb3O4[+2]: 7.499083862166408e-36 mol
  ClO[-1]: 7.365316905995135e-36 mol
  O2(aq): 3.403460927673696e-36 mol
  Mn(OH)4[-2]: 2.257973646665248e-37 mol
  ClO2[-1]: 0.0 mol
  ClO3[-1]: 0.0 mol
  ClO4[-1]: 0.0 mol
  HClO2(aq): 0.0 mol
  Pb(ClO3)2(aq): 0.0 mol
  Pb[+4]: 0.0 mol
  PbClO3[+1]: 0.0 mol
volume: 1.0003548374648399 l
temperature: 298.15 K
pressure: 1 atm
pH: 4.0712917462316245
pE: 8.5
balance_charge: Ca[+2]
solvent: H2O(aq)
engine: native
default_diffusion_coeff: 1.6106e-09
log_level: ERROR
