'@module': pyEQL.solution
'@class': Solution
'@version': src
solutes:
  H2O(aq): 55.34457593619076 mol
  Cl[-1]: 0.005174495201033482 mol
  SO4[-2]: 0.00382090136276594 mol
  Ca[+2]: 0.003576537409680655 mol
  Mg[+2]: 0.0021275541721669355 mol
  Na[+1]: 0.0008378394257407522 mol
  MgSO4(aq): 0.0007292131234293639 mol
  CaSO4(aq): 0.000645117375619747 mol
  K[+1]: 0.00024245271658728359 mol
  Pb[+2]: 0.00013154200975936886 mol
  H[+1]: 7.979218336948949e-05 mol
  HSO4[-1]: 1.7581457886738176e-05 mol
  NaSO4[-1]: 1.1773579200573129e-05 mol
  PbCl[+1]: 1.0999136801905349e-05 mol
  MgCl[+1]: 5.168888510775786e-06 mol
  KSO4[-1]: 4.135916956842061e-06 mol
  CaCl[+1]: 2.2695862915041864e-06 mol
  NaCl(aq): 5.675387196171157e-07 mol
  PbCl2(aq): 1.613539283000701e-07 mol
  HCl(aq): 7.083908348469322e-08 mol
  KCl(aq): 3.118088150784265e-08 mol
  CaCl2(aq): 1.0288582772251619e-08 mol
  PbCl3[-1]: 4.1730743021070897e-10 mol
  KHSO4(aq): 2.238395132101893e-10 mol
  OH[-1]: 1.5704622374114836e-10 mol
  HPb2O[+3]: 1.1111720121102784e-10 mol
  CaOH[+1]: 4.780099845049457e-12 mol
  PbCl4[-2]: 1.842081916435848e-12 mol
  H2SO4(aq): 1.01748686330384e-12 mol
  H2PbO2(aq): 1.1915857527241107e-13 mol
  NaOH(aq): 1.6963338837113204e-14 mol
  KOH(aq): 1.0174753315957055e-14 mol
  H3PbO3[-1]: 1.9644690256335213e-20 mol
  HPbO[+1]: 1.4423495540319144e-20 mol
  H2(aq): 3.9614410326560976e-29 mol
  HClO(aq): 1.8091478730298162e-32 mol
  MgOH[+1]: 1.7753110027051936e-34 mol
  H4Pb3O4[+2]: 6.516118403372119e-35 mol
  ClO[-1]: 7.95285287740345e-36 mol
  O2(aq): 3.954348738770733e-36 mol
  ClO2[-1]: 0.0 mol
  ClO3[-1]: 0.0 mol
  ClO4[-1]: 0.0 mol
  HClO2(aq): 0.0 mol
  Pb(ClO3)2(aq): 0.0 mol
  Pb[+4]: 0.0 mol
  PbClO3[+1]: 0.0 mol
volume: 1.0 l
temperature: 298.15 K
pressure: 1 atm
pH: 4.098039651077463
pE: 8.5
balance_charge: auto
solvent: H2O(aq)
default_diffusion_coeff: 1.6106e-09
log_level: ERROR
