'@module': pyEQL.solution
'@class': Solution
'@version': 1.5.0
solutes:
  H2O(aq): 55.34457593619076 mol
  SO4[-2]: 0.01035803279545267 mol
  Ca[+2]: 0.007899433848767418 mol
  Na[+1]: 0.006104163444244707 mol
  CaSO4(aq): 0.002845735203495598 mol
  Cl[-1]: 0.0017682395659666512 mol
  Mg[+2]: 0.0005203881425182417 mol
  MgSO4(aq): 0.00036392934925589545 mol
  HCO3[-1]: 0.0002758169637418799 mol
  O2(aq): 0.00026488710516650994 mol
  NaSO4[-1]: 0.00019684005501712293 mol
  B(OH)3(aq): 4.280231739430661e-05 mol
  CO2(aq): 1.4266203680557496e-05 mol
  CaHCO3[+1]: 1.3084657253268424e-05 mol
  CaCO3(aq): 3.476869399390207e-06 mol
  NaHCO3(aq): 1.6653753651066733e-06 mol
  CaCl[+1]: 1.484504663475473e-06 mol
  NaCl(aq): 1.2980150463646916e-06 mol
  BO2[-1]: 1.0199282317425167e-06 mol
  MgHCO3[+1]: 8.970988533391344e-07 mol
  CO3[-2]: 7.821635673855683e-07 mol
  OH[-1]: 4.2866035248799636e-07 mol
  MgCl[+1]: 3.8250656147613085e-07 mol
  CaB(OH)4[+1]: 2.8773809926504444e-07 mol
  MgCO3(aq): 1.1101187099995416e-07 mol
  H[+1]: 3.128704698625867e-08 mol
  MgB(OH)4[+1]: 2.3950326419809762e-08 mol
  HSO4[-1]: 1.605103530941155e-08 mol
  NaB(OH)4(aq): 8.51584336330754e-09 mol
  NaCO3[-1]: 8.027234953184633e-09 mol
  CaCl2(aq): 2.11256116681788e-09 mol
  NaOH(aq): 3.105771151154918e-10 mol
  HCl(aq): 8.847088295386127e-12 mol
  H2SO4(aq): 3.409464137350939e-19 mol
  ClO[-1]: 2.219955962705234e-20 mol
  HClO(aq): 1.853551373168639e-20 mol
  B2H5O6[-1]: 1.685228002619015e-20 mol
  ClO3[-1]: 4.1538659089344663e-26 mol
  ClO4[-1]: 2.3863226840497645e-26 mol
  HSO5[-1]: 1.4284036406582377e-29 mol
  ClO2[-1]: 3.590505311628909e-30 mol
  HClO2(aq): 1.1951319082699278e-34 mol
volume: 1.0 l
temperature: 298.15 K
pressure: 1 atm
pH: 7.504635425607209
pE: 8.5
balance_charge: auto
solvent: H2O(aq)
default_diffusion_coeff: 1.6106e-09
log_level: ERROR
