'@module': pyEQL.solution
'@class': Solution
'@version': 1.3.2.post1.dev89+g8391a3291
solutes:
  H2O(aq): 55.3413111912251 mol
  SO4[-2]: 0.009220856917295671 mol
  Ca[+2]: 0.006960782687449731 mol
  Na[+1]: 0.005183475903677818 mol
  CaSO4(aq): 0.0028509593049244344 mol
  S[-0.4]: 0.002477489838420184 mol
  Cl[-1]: 0.0014641031681440298 mol
  Mg[+2]: 0.0004707222070196803 mol
  MgSO4(aq): 0.0002772887455494403 mol
  NaSO4[-1]: 0.00014395937212476883 mol
  CaCl[+1]: 1.4284744940900072e-06 mol
  NaCl(aq): 8.974445353885081e-07 mol
  OH[-1]: 2.9527954359390394e-07 mol
  MgCl[+1]: 2.7992935523443197e-07 mol
  H[+1]: 4.6014818801884146e-08 mol
  HSO4[-1]: 2.039655311612738e-08 mol
  CaOH[+1]: 2.0047027917244404e-08 mol
  S[-0.5]: 4.865912258597322e-09 mol
  CaCl2(aq): 1.6551340636119484e-09 mol
  NaOH(aq): 1.787354486638654e-10 mol
  HCl(aq): 1.0628097180537505e-11 mol
  S[-0.66666667]: 5.803036838665294e-15 mol
  H2SO4(aq): 6.292080271726805e-19 mol
  S[-1]: 4.1013951448760074e-21 mol
  HS[-1]: 4.896889323704642e-22 mol
  H2S(aq): 1.6274931189691769e-22 mol
  O2(aq): 4.013005212419128e-23 mol
  MgOH[+1]: 5.001949770207303e-24 mol
  S[-2]: 2.5293688318055235e-27 mol
  HClO(aq): 8.672257566993257e-30 mol
  ClO[-1]: 7.151835269280389e-30 mol
  H2(aq): 1.2323010949715256e-35 mol
  ClO2[-1]: 0.0 mol
  ClO3[-1]: 0.0 mol
  ClO4[-1]: 0.0 mol
  HClO2(aq): 0.0 mol
volume: 1.0002597882473172 l
temperature: 298.15 K
pressure: 1 atm
pH: 7.337215093757507
pE: 8.5
charge_balance: '-1.8314168635873267e-06'
solvent: H2O(aq)
engine: native
