'@module': pyEQL.solution
'@class': Solution
'@version': 1.5.1.dev50+geb84b2d8f
solutes:
  H2O(aq): 55.34457593619076 mol
  SO4[-2]: 0.010362811310696553 mol
  Ca[+2]: 0.007872803178065645 mol
  Na[+1]: 0.006104356550483432 mol
  CaSO4(aq): 0.002840335270887601 mol
  Cl[-1]: 0.001768243415873083 mol
  Mg[+2]: 0.0005202442309613399 mol
  MgSO4(aq): 0.0003643384036654613 mol
  O2(aq): 0.0002648921549371135 mol
  HCO3[-1]: 0.00021025994834627734 mol
  NaSO4[-1]: 0.00019704739448544282 mol
  B(OH)3(aq): 4.3114046870343945e-05 mol
  CO2(aq): 1.4266475649462171e-05 mol
  CaHCO3[+1]: 9.945567742800396e-06 mol
  CaCO3(aq): 2.015149042987365e-06 mol
  CaCl[+1]: 1.4802028890559885e-06 mol
  NaCl(aq): 1.2984290056428156e-06 mol
  NaHCO3(aq): 1.2699252711225856e-06 mol
  BO2[-1]: 7.831685857748406e-07 mol
  MgHCO3[+1]: 6.839435847027299e-07 mol
  CO3[-2]: 4.544165313798699e-07 mol
  MgCl[+1]: 3.825527431670488e-07 mol
  OH[-1]: 3.2677249792411195e-07 mol
  CaB(OH)4[+1]: 2.2030082029749342e-07 mol
  MgCO3(aq): 6.453583998007198e-08 mol
  H[+1]: 3.556304892476781e-08 mol
  HSO4[-1]: 2.1071475895767117e-08 mol
  MgB(OH)4[+1]: 1.839259172046732e-08 mol
  NaB(OH)4(aq): 6.541015963732771e-09 mol
  NaCO3[-1]: 4.666237807223761e-09 mol
  CaCl2(aq): 2.107044543054056e-09 mol
  NaOH(aq): 2.3682932711824276e-10 mol
  HCl(aq): 1.1605758524446483e-11 mol
  H2SO4(aq): 5.871420276732236e-19 mol
  HClO(aq): 2.4315197194166185e-20 mol
  ClO[-1]: 2.2199970219706246e-20 mol
  B2H5O6[-1]: 1.303456530255895e-20 mol
  ClO3[-1]: 4.1539102280322326e-26 mol
  ClO4[-1]: 2.386348144589495e-26 mol
  HSO5[-1]: 1.875179532245356e-29 mol
  ClO2[-1]: 3.590571719933044e-30 mol
  HClO2(aq): 1.567794043547127e-34 mol
volume: 1.0 l
temperature: 298.15 K
pressure: 1 atm
pH: 7.511139165585192
pE: 8.5
balance_charge: auto
solvent: H2O(aq)
default_diffusion_coeff: 1.6106e-09
log_level: ERROR
