'@module': pyEQL.solution
'@class': Solution
'@version': 1.5.0
solutes:
  H2O(aq): 55.34457593619076 mol
  SO4[-2]: 0.008761319734351044 mol
  Ca[+2]: 0.006583939910335816 mol
  Na[+1]: 0.005073130891428979 mol
  CaSO4(aq): 0.0022026560830387732 mol
  Cl[-1]: 0.0014644591678241211 mol
  Mg[+2]: 0.0004456597285646947 mol
  MgSO4(aq): 0.0002874312072956482 mol
  NaSO4[-1]: 0.00014565947598833357 mol
  B(OH)3(aq): 3.5581707862218125e-05 mol
  CaCl[+1]: 1.0703340175815027e-06 mol
  NaCl(aq): 9.17090158048077e-07 mol
  BO2[-1]: 7.605327365391945e-07 mol
  OH[-1]: 3.84314158082906e-07 mol
  MgCl[+1]: 2.814111386096548e-07 mol
  CaB(OH)4[+1]: 1.8655469197359755e-07 mol
  H[+1]: 3.4188301949350234e-08 mol
  MgB(OH)4[+1]: 1.5844731144298032e-08 mol
  HSO4[-1]: 1.5542702093637884e-08 mol
  NaB(OH)4(aq): 5.4104204288423984e-09 mol
  CaCl2(aq): 1.2948797720380334e-09 mol
  NaOH(aq): 2.373633944369113e-10 mol
  HCl(aq): 8.179577563246835e-12 mol
  H2SO4(aq): 3.6802621587059438e-19 mol
  B2H5O6[-1]: 1.0447396418939942e-20 mol
  O2(aq): 1.2577292293683499e-22 mol
  ClO[-1]: 1.267685163601063e-29 mol
  HClO(aq): 1.179888130677797e-29 mol
  H2(aq): 6.991698925357054e-36 mol
volume: 1.0 l
temperature: 298.15 K
pressure: 1 atm
pH: 7.466122469029105
pE: 8.5
balance_charge: auto
solvent: H2O(aq)
default_diffusion_coeff: 1.6106e-09
log_level: ERROR
