'@module': pyEQL.solution
'@class': Solution
'@version': src
solutes:
  H2O(aq): 55.34457593619076 mol
  SO4[-2]: 0.008760692747304129 mol
  Ca[+2]: 0.006579245828209416 mol
  Na[+1]: 0.005073138134013656 mol
  CaSO4(aq): 0.0022010096543973673 mol
  Cl[-1]: 0.001464453293966638 mol
  Mg[+2]: 0.0004456662019193639 mol
  MgSO4(aq): 0.0002874247264172624 mol
  NaSO4[-1]: 0.0001456522262056067 mol
  B(OH)3(aq): 3.5581838454701255e-05 mol
  Mn[+2]: 4.047567199783775e-06 mol
  MnSO4(aq): 2.287147221542382e-06 mol
  CaCl[+1]: 1.0695850303358636e-06 mol
  NaCl(aq): 9.170973003798599e-07 mol
  BO2[-1]: 7.605317845874693e-07 mol
  OH[-1]: 3.8431217331252554e-07 mol
  MgCl[+1]: 2.8141822781023674e-07 mol
  CaB(OH)4[+1]: 1.8642456271445024e-07 mol
  H[+1]: 3.4188196886286675e-08 mol
  MgB(OH)4[+1]: 1.5845165660804936e-08 mol
  HSO4[-1]: 1.554182998399584e-08 mol
  MnCl[+1]: 6.6104024749832295e-09 mol
  NaB(OH)4(aq): 5.41047464012581e-09 mol
  CaCl2(aq): 1.2939818846706447e-09 mol
  NaOH(aq): 2.3736490158858993e-10 mol
  HCl(aq): 8.179589417492615e-12 mol
  Mn2(OH)3[+1]: 2.565365764153967e-13 mol
  Mn(OH)2(aq): 1.5088840756658446e-13 mol
  Mn2OH[+3]: 1.911735886161764e-14 mol
  MnCl3[-1]: 2.161716101241233e-15 mol
  Mn(OH)3[-1]: 5.636884485378758e-18 mol
  H2SO4(aq): 3.680073730404417e-19 mol
  B2H5O6[-1]: 1.0447421798740743e-20 mol
  O2(aq): 1.257730027040264e-22 mol
  Mn(OH)4[-2]: 2.7168611239289956e-24 mol
  ClO[-1]: 1.2676807887009453e-29 mol
  HClO(aq): 1.1798898533436332e-29 mol
  H2(aq): 6.991703208925218e-36 mol
volume: 1.0 l
temperature: 298.15 K
pressure: 1 atm
pH: 7.466123803648734
pE: 8.5
balance_charge: auto
solvent: H2O(aq)
default_diffusion_coeff: 1.6106e-09
log_level: ERROR
