'@module': pyEQL.solution
'@class': Solution
'@version': src
solutes:
  H2O(aq): 55.34457593619076 mol
  SO4[-2]: 0.008761355148910964 mol
  Ca[+2]: 0.0065836885352664465 mol
  Na[+1]: 0.005073134554220589 mol
  CaSO4(aq): 0.0022026098755271906 mol
  Cl[-1]: 0.0014644591923673798 mol
  Mg[+2]: 0.00044566651832329303 mol
  MgSO4(aq): 0.0002874402565145659 mol
  NaSO4[-1]: 0.00014566121957326276 mol
  CaCl[+1]: 1.0702997508862329e-06 mol
  NaCl(aq): 9.170942012056859e-07 mol
  OH[-1]: 3.84313695483113e-07 mol
  MgCl[+1]: 2.814168922378712e-07 mol
  H[+1]: 3.41882647727101e-08 mol
  HSO4[-1]: 1.5542849911675286e-08 mol
  CaCl2(aq): 1.2948430901747292e-09 mol
  NaOH(aq): 2.3736412726766076e-10 mol
  HCl(aq): 8.179593504133345e-12 mol
  H2SO4(aq): 3.680303555307205e-19 mol
  O2(aq): 1.2577310806560724e-22 mol
  ClO[-1]: 1.2676862267044765e-29 mol
  HClO(aq): 1.1798911705785763e-29 mol
  H2(aq): 6.991700441131425e-36 mol
volume: 1.0 l
temperature: 298.15 K
pressure: 1 atm
pH: 7.466122941284746
pE: 8.5
balance_charge: auto
solvent: H2O(aq)
default_diffusion_coeff: 1.6106e-09
log_level: ERROR
