'@module': pyEQL.solution
'@class': Solution
'@version': 1.5.0
solutes:
  H2O(aq): 55.34457593619076 mol
  SO4[-2]: 0.01035803279545267 mol
  Ca[+2]: 0.007899433848767404 mol
  Na[+1]: 0.006104163444244713 mol
  CaSO4(aq): 0.002845735203495595 mol
  Cl[-1]: 0.0017682395659666512 mol
  Mg[+2]: 0.0005203881425182417 mol
  MgSO4(aq): 0.00036392934925589545 mol
  HCO3[-1]: 0.0002758169637418554 mol
  O2(aq): 0.0002648871051665143 mol
  NaSO4[-1]: 0.00019684005501712293 mol
  B(OH)3(aq): 4.280231739430679e-05 mol
  CO2(aq): 1.4266203680557496e-05 mol
  CaHCO3[+1]: 1.3084657253267247e-05 mol
  CaCO3(aq): 3.4768693993895743e-06 mol
  NaHCO3(aq): 1.6653753651065234e-06 mol
  CaCl[+1]: 1.484504663475473e-06 mol
  NaCl(aq): 1.2980150463646943e-06 mol
  BO2[-1]: 1.019928231742429e-06 mol
  MgHCO3[+1]: 8.970988533390537e-07 mol
  CO3[-2]: 7.821635673854292e-07 mol
  OH[-1]: 4.2866035248795777e-07 mol
  MgCl[+1]: 3.8250656147613085e-07 mol
  CaB(OH)4[+1]: 2.877380992650185e-07 mol
  MgCO3(aq): 1.1101187099993418e-07 mol
  H[+1]: 3.128704698626149e-08 mol
  MgB(OH)4[+1]: 2.3950326419807803e-08 mol
  HSO4[-1]: 1.6051035309412997e-08 mol
  NaB(OH)4(aq): 8.515843363306843e-09 mol
  NaCO3[-1]: 8.02723495318319e-09 mol
  CaCl2(aq): 2.1125611668178714e-09 mol
  NaOH(aq): 3.105771151154638e-10 mol
  HCl(aq): 8.847088295386923e-12 mol
  H2SO4(aq): 3.4094641373515526e-19 mol
  ClO[-1]: 2.2199559627052523e-20 mol
  HClO(aq): 1.8535513731688058e-20 mol
  B2H5O6[-1]: 1.6852280026188773e-20 mol
  ClO3[-1]: 4.153865908934603e-26 mol
  ClO4[-1]: 2.3863226840498425e-26 mol
  HSO5[-1]: 1.428403640658366e-29 mol
  ClO2[-1]: 3.590505311628968e-30 mol
  HClO2(aq): 1.1951319082700646e-34 mol
volume: 1.0 l
temperature: 298.15 K
pressure: 1 atm
pH: 7.5033515062034954
pE: 8.5
balance_charge: auto
solvent: H2O(aq)
default_diffusion_coeff: 1.6106e-09
log_level: ERROR
