'@module': pyEQL.solution
'@class': Solution
'@version': 1.5.1.dev50+geb84b2d8f
solutes:
  H2O(aq): 55.34457593619076 mol
  SO4[-2]: 0.010360904756985532 mol
  Ca[+2]: 0.007883414759441362 mol
  Na[+1]: 0.006104279575286802 mol
  CaSO4(aq): 0.0028424893903026644 mol
  Cl[-1]: 0.0017682418806042562 mol
  Mg[+2]: 0.0005203024718534667 mol
  MgSO4(aq): 0.00036417587359267216 mol
  O2(aq): 0.0002648901424065292 mol
  HCO3[-1]: 0.00023641223499554223 mol
  NaSO4[-1]: 0.00019696469828226835 mol
  B(OH)3(aq): 4.2989194445667844e-05 mol
  CO2(aq): 1.4266367259243298e-05 mol
  CaHCO3[+1]: 1.1195643054583072e-05 mol
  CaCO3(aq): 2.5503148810853005e-06 mol
  CaCl[+1]: 1.4819178015355061e-06 mol
  NaHCO3(aq): 1.4277085792369484e-06 mol
  NaCl(aq): 1.2982640044166138e-06 mol
  BO2[-1]: 8.780307922833058e-07 mol
  MgHCO3[+1]: 7.689829630943559e-07 mol
  CO3[-2]: 5.745483701316959e-07 mol
  MgCl[+1]: 3.8253498679462385e-07 mol
  OH[-1]: 3.6741784672150495e-07 mol
  CaB(OH)4[+1]: 2.4727265583570225e-07 mol
  MgCO3(aq): 8.157640707942313e-08 mol
  H[+1]: 3.6497215377912284e-08 mol
  MgB(OH)4[+1]: 2.061958326446144e-08 mol
  HSO4[-1]: 1.87348820902774e-08 mol
  NaB(OH)4(aq): 7.332416534971956e-09 mol
  NaCO3[-1]: 5.898505021456336e-09 mol
  CaCl2(aq): 2.1092442218112143e-09 mol
  NaOH(aq): 2.662544559356128e-10 mol
  HCl(aq): 1.0321828706999756e-11 mol
  H2SO4(aq): 4.64285900454139e-19 mol
  ClO[-1]: 2.2199806599986766e-20 mol
  HClO(aq): 2.1625238874860476e-20 mol
  B2H5O6[-1]: 1.4571064040588902e-20 mol
  ClO3[-1]: 4.153892565955443e-26 mol
  ClO4[-1]: 2.3863379980381222e-26 mol
  HSO5[-1]: 1.6672428456601344e-29 mol
  ClO2[-1]: 3.590545256458915e-30 mol
  HClO2(aq): 1.3943510483404809e-34 mol
volume: 1.0000226768200449 l
temperature: 298.15 K
pressure: 1 atm
pH: 7.437750117880917
pE: 8.5
balance_charge: auto
solvent: H2O(aq)
engine: native
default_diffusion_coeff: 1.6106e-09
log_level: ERROR
