'@module': pyEQL.solution
'@class': Solution
'@version': 1.5.0
solutes:
  H2O(aq): 55.34457593619076 mol
  SO4[-2]: 0.010377322064787977 mol
  Ca[+2]: 0.007788712010133455 mol
  Na[+1]: 0.006104967431844759 mol
  CaSO4(aq): 0.0028229330543768235 mol
  Cl[-1]: 0.0017682551041282549 mol
  Mg[+2]: 0.0005197538422402724 mol
  MgSO4(aq): 0.0003655810641585819 mol
  O2(aq): 0.00026490824819669676 mol
  NaSO4[-1]: 0.00019769029567898129 mol
  B(OH)3(aq): 4.4120849001775056e-05 mol
  CO2(aq): 1.426734239501001e-05 mol
  HCO3[-1]: 4.324142757409017e-06 mol
  H[+1]: 1.9938916066580234e-06 mol
  CaCl[+1]: 1.4665798049032534e-06 mol
  NaCl(aq): 1.2997296121272185e-06 mol
  HSO4[-1]: 1.026973158148208e-06 mol
  MgCl[+1]: 3.826692301914114e-07 mol
  CaHCO3[+1]: 2.0264337331226097e-07 mol
  NaHCO3(aq): 2.6141550592835483e-08 mol
  BO2[-1]: 1.6482341105408093e-08 mol
  MgHCO3[+1]: 1.4069247710631398e-08 mol
  OH[-1]: 6.720139801764141e-09 mol
  CaB(OH)4[+1]: 4.59349863577127e-09 mol
  CaCl2(aq): 2.089534353446646e-09 mol
  CaCO3(aq): 8.451182452374977e-10 mol
  HCl(aq): 5.643620702101171e-10 mol
  MgB(OH)4[+1]: 3.871846910076481e-10 mol
  CO3[-2]: 1.9203506915766495e-10 mol
  NaB(OH)4(aq): 1.377916938051127e-10 mol
  MgCO3(aq): 2.732492896341534e-11 mol
  NaOH(aq): 4.875157599829455e-12 mol
  NaCO3[-1]: 1.975426408864204e-12 mol
  H2SO4(aq): 1.3914464486852704e-15 mol
  HClO(aq): 1.1823936365004967e-18 mol
  ClO[-1]: 2.2201253113475938e-20 mol
  B2H5O6[-1]: 2.8072887359231294e-22 mol
  ClO3[-1]: 4.154048310146711e-26 mol
  ClO4[-1]: 2.3864274703284368e-26 mol
  HSO5[-1]: 9.139174948403874e-28 mol
  ClO2[-1]: 3.5907792121974116e-30 mol
  HClO2(aq): 7.623831654049883e-33 mol
volume: 1.0 l
temperature: 298.15 K
pressure: 1 atm
pH: 5.700298454805619
pE: 8.5
balance_charge: auto
solvent: H2O(aq)
default_diffusion_coeff: 1.6106e-09
log_level: ERROR
