'@module': pyEQL.solution
'@class': Solution
'@version': 1.5.0
solutes:
  H2O(aq): 55.34457593619076 mol
  SO4[-2]: 0.008760602900896291 mol
  Ca[+2]: 0.006584137175135069 mol
  Na[+1]: 0.005073129605146469 mol
  CaSO4(aq): 0.0022024819008115808 mol
  Cl[-1]: 0.0014644586608939859 mol
  Mg[+2]: 0.00044568093567907253 mol
  MgSO4(aq): 0.00028741371728477973 mol
  O2(aq): 0.00026532338550448167 mol
  NaSO4[-1]: 0.00014564523767091525 mol
  B(OH)3(aq): 3.653358209965829e-05 mol
  CO2(aq): 1.4289700725305317e-05 mol
  HCO3[-1]: 4.098686491208358e-06 mol
  H[+1]: 2.064085314219514e-06 mol
  CaCl[+1]: 1.0703529945219422e-06 mol
  HSO4[-1]: 9.38285293117447e-07 mol
  NaCl(aq): 9.170823205203515e-07 mol
  MgCl[+1]: 2.814212583162203e-07 mol
  CaHCO3[+1]: 1.690326181760231e-07 mol
  NaHCO3(aq): 2.1081593542643908e-08 mol
  BO2[-1]: 1.2934154147424749e-08 mol
  MgHCO3[+1]: 1.1825540994649235e-08 mol
  OH[-1]: 6.365563528258612e-09 mol
  CaB(OH)4[+1]: 3.1727079505220193e-09 mol
  CaCl2(aq): 1.2948919921299605e-09 mol
  CaCO3(aq): 6.840661610200357e-10 mol
  HCl(aq): 4.938306079511897e-10 mol
  MgB(OH)4[+1]: 2.694739027737064e-10 mol
  CO3[-2]: 1.6860020352058065e-10 mol
  NaB(OH)4(aq): 9.201179928014201e-11 mol
  MgCO3(aq): 2.228700451979346e-11 mol
  NaOH(aq): 3.931522371289752e-12 mol
  NaCO3[-1]: 1.5098738154680901e-12 mol
  H2SO4(aq): 1.341326814159772e-15 mol
  HClO(aq): 1.034623336988741e-18 mol
  ClO[-1]: 1.8412187176339675e-20 mol
  B2H5O6[-1]: 1.82428034367948e-22 mol
  ClO3[-1]: 3.442811997583773e-26 mol
  ClO4[-1]: 1.9778347560719788e-26 mol
  HSO5[-1]: 8.349929477005028e-28 mol
  ClO2[-1]: 2.9779444712406e-30 mol
  HClO2(aq): 6.671039071132858e-33 mol
volume: 1.0 l
temperature: 298.15 K
pressure: 1 atm
pH: 5.685272356110217
pE: 8.5
balance_charge: auto
solvent: H2O(aq)
default_diffusion_coeff: 1.6106e-09
log_level: ERROR
