'@module': pyEQL.solution
'@class': Solution
'@version': 1.5.0
solutes:
  H2O(aq): 55.34457593619076 mol
  SO4[-2]: 0.01037810594314588 mol
  Ca[+2]: 0.007788461007806543 mol
  Na[+1]: 0.006104967972597712 mol
  CaSO4(aq): 0.0028231225234413536 mol
  Cl[-1]: 0.0017682556957697272 mol
  Mg[+2]: 0.0005197283357216707 mol
  MgSO4(aq): 0.00036559925968233855 mol
  NaSO4[-1]: 0.00019770798717251366 mol
  B(OH)3(aq): 4.29256681271529e-05 mol
  CaCl[+1]: 1.4665480839230305e-06 mol
  NaCl(aq): 1.2997392801971107e-06 mol
  BO2[-1]: 9.284590580992259e-07 mol
  OH[-1]: 3.8909276008804003e-07 mol
  MgCl[+1]: 3.826543160524129e-07 mol
  CaB(OH)4[+1]: 2.5875095916720917e-07 mol
  H[+1]: 3.4437092413458376e-08 mol
  MgB(OH)4[+1]: 2.180966631447838e-08 mol
  HSO4[-1]: 1.773871982284486e-08 mol
  NaB(OH)4(aq): 7.762007167208039e-09 mol
  CaCl2(aq): 2.0895045160796616e-09 mol
  NaOH(aq): 2.822711517337605e-10 mol
  HCl(aq): 9.747323193704866e-12 mol
  H2SO4(aq): 4.151039875836851e-19 mol
  B2H5O6[-1]: 1.5385309030568246e-20 mol
  O2(aq): 1.2555475614495553e-22 mol
  ClO[-1]: 1.5284334442233942e-29 mol
  HClO(aq): 1.4059127020252558e-29 mol
  H2(aq): 6.980759424162659e-36 mol
volume: 1.0 l
temperature: 298.15 K
pressure: 1 atm
pH: 7.462973523945946
pE: 8.5
balance_charge: auto
solvent: H2O(aq)
default_diffusion_coeff: 1.6106e-09
log_level: ERROR
