'@module': pyEQL.solution
'@class': Solution
'@version': 1.5.0
solutes:
  H2O(aq): 55.34457593619076 mol
  Cl[-1]: 0.38678342406719296 mol
  Na[+1]: 0.3435418503745893 mol
  NaCl(aq): 0.010579958375792172 mol
  Ca[+2]: 0.007076181060229443 mol
  K[+1]: 0.006650853419934465 mol
  Mg[+2]: 0.006400178244250114 mol
  Li[+1]: 0.005758189147732797 mol
  Br[-1]: 0.0033423501800806453 mol
  H[+1]: 0.0032366026670935825 mol
  Sr[+2]: 0.0027791262548902155 mol
  NO3[-1]: 0.0021656863132866228 mol
  MgCl[+1]: 0.0006208321895979649 mol
  SO4[-2]: 0.00042093358392817753 mol
  Ba[+2]: 0.0003552895022000472 mol
  O2(aq): 0.0002431051664536249 mol
  NaSO4[-1]: 0.0001934401913306553 mol
  CaCl[+1]: 0.00015115053033839672 mol
  HCl(aq): 0.00014786093013897857 mol
  SrCl[+1]: 0.00014506184615212866 mol
  MgSO4(aq): 4.9193079917593297e-05 mol
  KCl(aq): 3.711761946257304e-05 mol
  LiCl(aq): 3.572641310469671e-05 mol
  HSO4[-1]: 3.234335930193991e-05 mol
  CaCl2(aq): 3.115215800261592e-05 mol
  NaBr(aq): 2.431052273134272e-05 mol
  CaSO4(aq): 2.4130937311065177e-05 mol
  CaNO3[+1]: 2.0012410142966035e-05 mol
  CO2(aq): 1.3093079099652678e-05 mol
  SrSO4(aq): 1.1288678499246304e-05 mol
  BaCl[+1]: 1.0474236642863647e-05 mol
  SrNO3[+1]: 8.628637938473763e-06 mol
  KSO4[-1]: 4.3392360576545605e-06 mol
  LiSO4[-1]: 3.1188031380438194e-06 mol
  BaNO3[+1]: 1.3887252903235803e-06 mol
  Br(aq): 2.5995492414065195e-07 mol
  HNO3(aq): 1.927886792474063e-07 mol
  KBr(aq): 1.8170760240938125e-07 mol
  Br3[-1]: 2.1734056533595253e-08 mol
  KHSO4(aq): 6.87047961282537e-09 mol
  HCO3[-1]: 3.4162749088593576e-09 mol
  NaHCO3(aq): 8.018531131492726e-10 mol
  HBrO(aq): 2.710932471196224e-10 mol
  N2(aq): 2.459661681628655e-10 mol
  MgHCO3[+1]: 8.601101842586772e-11 mol
  CaHCO3[+1]: 7.869894514973758e-11 mol
  H2SO4(aq): 5.4760560848070226e-11 mol
  OH[-1]: 5.41498489146061e-12 mol
  HClO(aq): 3.097830844980034e-13 mol
  NaOH(aq): 1.495381953199034e-13 mol
  LiOH(aq): 3.7282063835860923e-14 mol
  KOH(aq): 5.7275376121348e-15 mol
  BrO[-1]: 6.169624690685848e-16 mol
  HNO2(aq): 2.2456364019466285e-16 mol
  CO3[-2]: 1.8234137314942552e-16 mol
  CaCO3(aq): 1.8122489024279203e-16 mol
  MgCO3(aq): 9.223720156105024e-17 mol
  NO2[-1]: 7.730653014908175e-17 mol
  NaCO3[-1]: 4.8489641443950855e-17 mol
  SrCO3(aq): 2.1662040225012235e-17 mol
  ClO[-1]: 4.654764849785355e-18 mol
  BaCO3(aq): 1.6724709382811133e-18 mol
  ClO3[-1]: 8.882965066642806e-24 mol
  ClO4[-1]: 5.103106721514004e-24 mol
  BrO3[-1]: 1.0037771817104592e-25 mol
  HSO5[-1]: 2.8782798920714004e-26 mol
  HClO2(aq): 1.9974177909779144e-27 mol
  ClO2[-1]: 7.528508762476359e-28 mol
  S2O8[-2]: 1.4124084046397327e-37 mol
volume: 1.0 l
temperature: 298.15 K
pressure: 1 atm
pH: 2.4899106123305765
pE: 8.5
balance_charge: auto
solvent: H2O(aq)
default_diffusion_coeff: 1.6106e-09
log_level: ERROR
