'@module': pyEQL.solution
'@class': Solution
'@version': 1.5.0
solutes:
  H2O(aq): 55.34457593619076 mol
  Cl[-1]: 0.6179094142875525 mol
  Na[+1]: 0.5486650612198384 mol
  NaCl(aq): 0.02507595061340738 mol
  Ca[+2]: 0.01130322403298346 mol
  K[+1]: 0.010748106217685368 mol
  Mg[+2]: 0.009956868618731666 mol
  Li[+1]: 0.009300099455873715 mol
  Br[-1]: 0.005394186840297953 mol
  H[+1]: 0.005084937141965284 mol
  Sr[+2]: 0.0044186935182117726 mol
  NO3[-1]: 0.00349048104133896 mol
  MgCl[+1]: 0.0014144644342700414 mol
  SO4[-2]: 0.000605871688911575 mol
  Ba[+2]: 0.0005690016797275201 mol
  NaSO4[-1]: 0.00036922068588236535 mol
  HCl(aq): 0.0003559745492746028 mol
  CaCl[+1]: 0.0003395085123797154 mol
  SrCl[+1]: 0.00031444470449221553 mol
  O2(aq): 0.0002301244511130465 mol
  CaCl2(aq): 0.00010384244882235625 mol
  KCl(aq): 8.764976146987138e-05 mol
  LiCl(aq): 8.722747970428131e-05 mol
  MgSO4(aq): 8.515730034114425e-05 mol
  HSO4[-1]: 6.270706948693115e-05 mol
  NaBr(aq): 5.820828739545495e-05 mol
  CaNO3[+1]: 4.534956865027548e-05 mol
  CaSO4(aq): 4.1182741078075106e-05 mol
  BaCl[+1]: 2.28696246533699e-05 mol
  SrNO3[+1]: 1.8869748178352184e-05 mol
  SrSO4(aq): 1.8592348664215068e-05 mol
  CO2(aq): 1.2393967948690208e-05 mol
  KSO4[-1]: 8.251820364817698e-06 mol
  LiSO4[-1]: 6.1322201261588075e-06 mol
  BaNO3[+1]: 3.0590443474731415e-06 mol
  Br(aq): 1.5503469332692355e-06 mol
  HNO3(aq): 4.682521890096458e-07 mol
  KBr(aq): 4.334717500980556e-07 mol
  Br3[-1]: 2.0596826341233316e-07 mol
  KHSO4(aq): 1.999686165217395e-08 mol
  HCO3[-1]: 2.213853365628465e-09 mol
  N2(aq): 1.4629773852788884e-09 mol
  NaHCO3(aq): 7.829555203362063e-10 mol
  HBrO(aq): 6.593276547472344e-10 mol
  H2SO4(aq): 1.6249408830680998e-10 mol
  MgHCO3[+1]: 8.073107200443605e-11 mol
  CaHCO3[+1]: 7.282470393901506e-11 mol
  OH[-1]: 3.5337111199135934e-12 mol
  HClO(aq): 7.458014349931709e-13 mol
  NaOH(aq): 1.4601396890135448e-13 mol
  LiOH(aq): 3.750012182310926e-14 mol
  KOH(aq): 5.5719523975650015e-15 mol
  BrO[-1]: 9.803994078387227e-16 mol
  HNO2(aq): 5.454283752739419e-16 mol
  NO2[-1]: 1.2459651991222956e-16 mol
  CaCO3(aq): 1.0337691419928147e-16 mol
  CO3[-2]: 8.570351563419838e-17 mol
  MgCO3(aq): 5.3368948969205904e-17 mol
  NaCO3[-1]: 3.093520122541748e-17 mol
  SrCO3(aq): 1.1924911633957088e-17 mol
  ClO[-1]: 7.321919719716223e-18 mol
  BaCO3(aq): 9.273847750388974e-19 mol
  ClO3[-1]: 1.4070933936886358e-23 mol
  ClO4[-1]: 8.08350331365728e-24 mol
  BrO3[-1]: 1.6062730260633015e-25 mol
  HSO5[-1]: 5.580388094817737e-26 mol
  HClO2(aq): 4.808774685700422e-27 mol
  ClO2[-1]: 1.1842303219802097e-27 mol
  S2O8[-2]: 6.082228256798805e-37 mol
volume: 1.0 l
temperature: 298.15 K
pressure: 1 atm
pH: 2.293714411289191
pE: 8.5
balance_charge: auto
solvent: H2O(aq)
default_diffusion_coeff: 1.6106e-09
log_level: ERROR
