'@module': pyEQL.solution
'@class': Solution
'@version': 1.5.0
solutes:
  H2O(aq): 55.34457593619076 mol
  Cl[-1]: 0.38349663310494186 mol
  Na[+1]: 0.34358878730691206 mol
  NaCl(aq): 0.01050571972414205 mol
  Ca[+2]: 0.007074497637836186 mol
  K[+1]: 0.0066509089855600325 mol
  Mg[+2]: 0.006400116689810131 mol
  Li[+1]: 0.005758306178653963 mol
  Br[-1]: 0.0033428949652640465 mol
  Sr[+2]: 0.0027793537081657513 mol
  NO3[-1]: 0.0021658100497763595 mol
  MgCl[+1]: 0.0006165094878375145 mol
  SO4[-2]: 0.00043954676817932107 mol
  Ba[+2]: 0.00035534376196008773 mol
  O2(aq): 0.00024328260276217296 mol
  NaSO4[-1]: 0.00020265850469205427 mol
  CaCl[+1]: 0.0001501632595545222 mol
  SrCl[+1]: 0.00014423166639069315 mol
  HCO3[-1]: 7.66609846579015e-05 mol
  MgSO4(aq): 5.159825774833811e-05 mol
  KCl(aq): 3.6861193396153724e-05 mol
  LiCl(aq): 3.546125248374851e-05 mol
  CaCl2(aq): 3.072731889065882e-05 mol
  CaSO4(aq): 2.5321748355590835e-05 mol
  NaBr(aq): 2.435079972118854e-05 mol
  CaNO3[+1]: 2.0053238426561554e-05 mol
  NaHCO3(aq): 1.8016126480066023e-05 mol
  CO2(aq): 1.3102635406731187e-05 mol
  SrSO4(aq): 1.1855394524650402e-05 mol
  BaCl[+1]: 1.0415031316940685e-05 mol
  SrNO3[+1]: 8.653280426875572e-06 mol
  KSO4[-1]: 4.546517037367398e-06 mol
  LiSO4[-1]: 3.2660955591996724e-06 mol
  MgHCO3[+1]: 1.9326106976655757e-06 mol
  CaHCO3[+1]: 1.7690808198983055e-06 mol
  BaNO3[+1]: 1.3927900455294104e-06 mol
  KBr(aq): 1.8202852704003763e-07 mol
  H[+1]: 1.441646075515582e-07 mol
  OH[-1]: 1.2149878882299714e-07 mol
  CO3[-2]: 9.165403523597177e-08 mol
  CaCO3(aq): 9.150698544360658e-08 mol
  MgCO3(aq): 4.65536832856845e-08 mol
  NaCO3[-1]: 2.4444659912555967e-08 mol
  SrCO3(aq): 1.0946850080912095e-08 mol
  HCl(aq): 6.5355454660408465e-09 mol
  NaOH(aq): 3.359841093468037e-09 mol
  HSO4[-1]: 1.50830719012673e-09 mol
  BaCO3(aq): 8.452383042092971e-10 mol
  LiOH(aq): 8.37315926499966e-10 mol
  KOH(aq): 1.2870101666623282e-10 mol
  HNO3(aq): 8.59490430270776e-12 mol
  KHSO4(aq): 3.2083680074405163e-13 mol
  HBrO(aq): 1.2087157639401592e-14 mol
  BrO[-1]: 6.172095779630671e-16 mol
  Br(aq): 5.167207050045381e-16 mol
  NO2[-1]: 7.73109470577613e-17 mol
  Br3[-1]: 4.3218430526922454e-17 mol
  HClO(aq): 1.3692605825244763e-17 mol
  ClO[-1]: 4.616305870040787e-18 mol
  N2(aq): 4.888113176333421e-19 mol
  H2SO4(aq): 1.1381621505673623e-19 mol
  HNO2(aq): 1.0011495513508697e-20 mol
  ClO3[-1]: 8.808620554096876e-24 mol
  ClO4[-1]: 5.0603971106089675e-24 mol
  BrO3[-1]: 1.0040708233127331e-25 mol
  ClO2[-1]: 7.466306100183713e-28 mol
  HSO5[-1]: 1.3422632497386039e-30 mol
  HClO2(aq): 8.828711394784726e-32 mol
volume: 1.0 l
temperature: 298.15 K
pressure: 1 atm
pH: 6.839857426535147
pE: 8.5
balance_charge: auto
solvent: H2O(aq)
default_diffusion_coeff: 1.6106e-09
log_level: ERROR
