'@module': pyEQL.solution
'@class': Solution
'@version': 1.5.0
solutes:
  H2O(aq): 55.34457593619076 mol
  Cl[-1]: 0.38690230752723376 mol
  Na[+1]: 0.3433490355062263 mol
  NaCl(aq): 0.010583434596859814 mol
  Ca[+2]: 0.007075919682338613 mol
  K[+1]: 0.006650621233494912 mol
  Mg[+2]: 0.006379547893835788 mol
  Li[+1]: 0.005758015677048872 mol
  Br[-1]: 0.0033429306777956087 mol
  Sr[+2]: 0.002786452282191222 mol
  NH4[+1]: 0.002186953568421083 mol
  HCO3[-1]: 0.0007672040216606708 mol
  MgCl[+1]: 0.0006194299210020676 mol
  SO4[-2]: 0.000440096793932612 mol
  Ba[+2]: 0.0003566132728152425 mol
  NaSO4[-1]: 0.00020239082967045435 mol
  NaHCO3(aq): 0.00018006208850441857 mol
  CaCl[+1]: 0.0001513298811307825 mol
  SrCl[+1]: 0.0001456499548045446 mol
  CO2(aq): 0.00010082442333114318 mol
  MgSO4(aq): 5.135844211786834e-05 mol
  KCl(aq): 3.7152773866192765e-05 mol
  LiCl(aq): 3.575311965783457e-05 mol
  CaCl2(aq): 3.121689060713616e-05 mol
  CaSO4(aq): 2.5280117108460013e-05 mol
  NaBr(aq): 2.4315260338459402e-05 mol
  MgHCO3[+1]: 1.9264459801059024e-05 mol
  CaHCO3[+1]: 1.7687592298707166e-05 mol
  SrSO4(aq): 1.1860148665375026e-05 mol
  BaCl[+1]: 1.0528132211163434e-05 mol
  NH3(aq): 8.955798848326466e-06 mol
  KSO4[-1]: 4.542823381194999e-06 mol
  LiSO4[-1]: 3.2644794245647403e-06 mol
  CO3[-2]: 1.193712941973126e-06 mol
  CaCO3(aq): 1.1886167390054267e-06 mol
  MgCO3(aq): 6.028830200211393e-07 mol
  NaCO3[-1]: 3.176231854508471e-07 mol
  KBr(aq): 1.8185539207851787e-07 mol
  OH[-1]: 1.5794633902907778e-07 mol
  SrCO3(aq): 1.4248380123966036e-07 mol
  H[+1]: 1.1092426881480316e-07 mol
  BaCO3(aq): 1.1012768487338672e-08 mol
  HCl(aq): 5.070968821378709e-09 mol
  NaOH(aq): 4.361661384096501e-09 mol
  HSO4[-1]: 1.160176537102186e-09 mol
  LiOH(aq): 1.0878815525036127e-09 mol
  KOH(aq): 1.6716148437631398e-10 mol
  KHSO4(aq): 2.4658341907106316e-13 mol
  NH4SO4[-1]: 8.985352858218285e-16 mol
  H2SO4(aq): 6.733968485036211e-20 mol
  O2(aq): 1.4140644830669015e-24 mol
  HBrO(aq): 7.089041565725205e-25 mol
  BrO[-1]: 4.7061236088952523e-26 mol
  Br(aq): 2.331050526149367e-26 mol
  Br3[-1]: 1.949550316063925e-27 mol
  HClO(aq): 8.101856890559074e-28 mol
  ClO[-1]: 3.551079333252865e-28 mol
  H2(aq): 5.710806416987507e-35 mol
volume: 1.0 l
temperature: 298.15 K
pressure: 1 atm
pH: 6.954973425363202
pE: 8.5
balance_charge: auto
solvent: H2O(aq)
default_diffusion_coeff: 1.6106e-09
log_level: ERROR
