'@module': pyEQL.solution
'@class': Solution
'@version': 1.5.1.dev50+geb84b2d8f
solutes:
  H2O(aq): 55.34457593619076 mol
  Cl[-1]: 0.3834831791501509 mol
  Na[+1]: 0.34358670957537296 mol
  NaCl(aq): 0.010505301729541033 mol
  Ca[+2]: 0.007074237708796375 mol
  K[+1]: 0.0066509101569772015 mol
  Mg[+2]: 0.006399877936941228 mol
  Li[+1]: 0.005758307234594909 mol
  Br[-1]: 0.003342895078674324 mol
  Sr[+2]: 0.002779354829887549 mol
  NO3[-1]: 0.0021658107016850293 mol
  MgCl[+1]: 0.000616465861850917 mol
  SO4[-2]: 0.00043954866148374815 mol
  Ba[+2]: 0.00035534383439712235 mol
  O2(aq): 0.00024328274992502742 mol
  NaSO4[-1]: 0.00020265877796830453 mol
  CaCl[+1]: 0.00015015281497121342 mol
  SrCl[+1]: 0.00014422706112853916 mol
  HCO3[-1]: 8.737167901828996e-05 mol
  MgSO4(aq): 5.159678573838423e-05 mol
  KCl(aq): 3.685996783352768e-05 mol
  LiCl(aq): 3.546005545231904e-05 mol
  CaCl2(aq): 3.0724147590891656e-05 mol
  CaSO4(aq): 2.532105656012068e-05 mol
  NaBr(aq): 2.435068597258392e-05 mol
  NaHCO3(aq): 2.0533149381363515e-05 mol
  CaNO3[+1]: 2.005255315238554e-05 mol
  CO2(aq): 1.310264333258006e-05 mol
  SrSO4(aq): 1.1855516713611378e-05 mol
  BaCl[+1]: 1.041469668872488e-05 mol
  SrNO3[+1]: 8.653310313755606e-06 mol
  KSO4[-1]: 4.546552900369517e-06 mol
  LiSO4[-1]: 3.266119662990753e-06 mol
  MgHCO3[+1]: 2.2025464217614058e-06 mol
  CaHCO3[+1]: 2.0161780858251828e-06 mol
  BaNO3[+1]: 1.392794577779523e-06 mol
  KBr(aq): 1.8202886711906572e-07 mol
  OH[-1]: 1.3847398529892465e-07 mol
  CO3[-2]: 1.1905386088639033e-07 mol
  CaCO3(aq): 1.188590493727262e-07 mol
  H[+1]: 1.0163621675513677e-07 mol
  MgCO3(aq): 6.046882463055718e-08 mol
  NaCO3[-1]: 3.1752246274519174e-08 mol
  SrCO3(aq): 1.4219473483281605e-08 mol
  HCl(aq): 5.734167753260305e-09 mol
  NaOH(aq): 3.829242603628191e-09 mol
  HSO4[-1]: 1.3234155113043485e-09 mol
  BaCO3(aq): 1.097926907217708e-09 mol
  LiOH(aq): 9.543026197026008e-10 mol
  KOH(aq): 1.4668272257778539e-10 mol
  HNO3(aq): 7.54127827068412e-12 mol
  KHSO4(aq): 2.8150835731462183e-13 mol
  HBrO(aq): 1.0605422900070477e-14 mol
  BrO[-1]: 6.172097415727656e-16 mol
  Br(aq): 3.977988246821297e-16 mol
  NO2[-1]: 7.731097032835051e-17 mol
  Br3[-1]: 3.327183700229162e-17 mol
  HClO(aq): 1.2013641277410808e-17 mol
  ClO[-1]: 4.616144986322152e-18 mol
  N2(aq): 3.763129087473833e-19 mol
  H2SO4(aq): 8.762221915258344e-20 mol
  HNO2(aq): 8.784213402968177e-21 mol
  ClO3[-1]: 8.80831263754987e-24 mol
  ClO4[-1]: 5.060220217984672e-24 mol
  BrO3[-1]: 1.0040709839492958e-25 mol
  ClO2[-1]: 7.466045890587001e-28 mol
  HSO5[-1]: 1.1777256096011928e-30 mol
  HClO2(aq): 7.74614949063884e-32 mol
volume: 1.0 l
temperature: 298.15 K
pressure: 1 atm
pH: 7.087965055232073
pE: 8.5
balance_charge: auto
solvent: H2O(aq)
default_diffusion_coeff: 1.6106e-09
log_level: ERROR
