'@module': pyEQL.solution
'@class': Solution
'@version': 1.5.0
solutes:
  H2O(aq): 55.34457593619076 mol
  Cl[-1]: 0.618259413472119 mol
  Na[+1]: 0.5482423625060631 mol
  NaCl(aq): 0.02508308856340748 mol
  Ca[+2]: 0.011306687766261725 mol
  K[+1]: 0.010747562079707049 mol
  Mg[+2]: 0.009915188984969748 mol
  Li[+1]: 0.009299675485309558 mol
  Br[-1]: 0.005397882094103875 mol
  Sr[+2]: 0.004434567751202746 mol
  NH4[+1]: 0.0035473103508997933 mol
  MgCl[+1]: 0.0014101668382253188 mol
  HCO3[-1]: 0.0011156966476479394 mol
  SO4[-2]: 0.0006392831844266772 mol
  Ba[+2]: 0.0005718903749801602 mol
  NaHCO3(aq): 0.00039442718485002156 mol
  NaSO4[-1]: 0.000389757236206983 mol
  CaCl[+1]: 0.00034009156166269367 mol
  SrCl[+1]: 0.0003160826127266609 mol
  CO2(aq): 0.00017112961576714036 mol
  CaCl2(aq): 0.00010413061435271773 mol
  MgSO4(aq): 8.96213899599636e-05 mol
  KCl(aq): 8.774700035706048e-05 mol
  LiCl(aq): 8.730508318418169e-05 mol
  NaBr(aq): 5.823175923431074e-05 mol
  CaSO4(aq): 4.354835581945653e-05 mol
  MgHCO3[+1]: 4.053454744800768e-05 mol
  CaHCO3[+1]: 3.6739230862135095e-05 mol
  BaCl[+1]: 2.302274919551245e-05 mol
  SrSO4(aq): 1.972885591646315e-05 mol
  NH3(aq): 1.0920229757819553e-05 mol
  KSO4[-1]: 8.717979875727114e-06 mol
  LiSO4[-1]: 6.477217771559285e-06 mol
  CaCO3(aq): 1.9047564522015627e-06 mol
  CO3[-2]: 1.5759318510224282e-06 mol
  MgCO3(aq): 9.786734709353092e-07 mol
  NaCO3[-1]: 5.690107657059015e-07 mol
  KBr(aq): 4.340040907286267e-07 mol
  SrCO3(aq): 2.2048659525639782e-07 mol
  H[+1]: 1.3924198887429095e-07 mol
  OH[-1]: 1.2901421367085287e-07 mol
  BaCO3(aq): 1.7172313471814726e-08 mol
  HCl(aq): 9.756011254358973e-09 mol
  NaOH(aq): 5.329097501036912e-09 mol
  HSO4[-1]: 1.813653864432431e-09 mol
  LiOH(aq): 1.3694763576416887e-09 mol
  KOH(aq): 2.0352820031084242e-10 mol
  KHSO4(aq): 5.786156158486828e-13 mol
  NH4SO4[-1]: 1.7127457927082485e-15 mol
  H2SO4(aq): 1.2871752406109637e-19 mol
  HBrO(aq): 8.62430628493253e-25 mol
  O2(aq): 5.242557323071085e-25 mol
  Br(aq): 5.55862790131737e-26 mol
  BrO[-1]: 4.68234822024629e-26 mol
  Br3[-1]: 7.391320797610836e-27 mol
  HClO(aq): 9.75426636443805e-28 mol
  ClO[-1]: 3.496504952156245e-28 mol
  H2(aq): 8.568682095579489e-35 mol
volume: 1.0 l
temperature: 298.15 K
pressure: 1 atm
pH: 6.856229782062836
pE: 8.5
balance_charge: auto
solvent: H2O(aq)
default_diffusion_coeff: 1.6106e-09
log_level: ERROR
