'@module': pyEQL.solution
'@class': Solution
'@version': 1.5.1.dev50+geb84b2d8f
solutes:
  H2O(aq): 55.34457593619076 mol
  Cl[-1]: 0.3834648622003983 mol
  Na[+1]: 0.3435838150744509 mol
  NaCl(aq): 0.010504732767364496 mol
  Ca[+2]: 0.00707387881975088 mol
  K[+1]: 0.006650911751901452 mol
  Mg[+2]: 0.006399550771192118 mol
  Li[+1]: 0.005758308672540876 mol
  Br[-1]: 0.003342895232816348 mol
  Sr[+2]: 0.0027793557153330505 mol
  NO3[-1]: 0.002165811604901245 mol
  MgCl[+1]: 0.0006164062669637489 mol
  SO4[-2]: 0.00043955122147601715 mol
  Ba[+2]: 0.000355343882192968 mol
  O2(aq): 0.00024328295180882554 mol
  NaSO4[-1]: 0.00020265914536114426 mol
  CaCl[+1]: 0.00015013849006783475 mol
  SrCl[+1]: 0.0001442207588143233 mol
  HCO3[-1]: 0.00010193312638277198 mol
  MgSO4(aq): 5.159476314179396e-05 mol
  KCl(aq): 3.68582993567487e-05 mol
  LiCl(aq): 3.545842575246271e-05 mol
  CaCl2(aq): 3.071980877545823e-05 mol
  CaSO4(aq): 2.5320096124753446e-05 mol
  NaBr(aq): 2.4350531368936115e-05 mol
  NaHCO3(aq): 2.3955062886018845e-05 mol
  CaNO3[+1]: 2.005160621570008e-05 mol
  CO2(aq): 1.3102654205572413e-05 mol
  SrSO4(aq): 1.1855680054922505e-05 mol
  BaCl[+1]: 1.0414239678980751e-05 mol
  SrNO3[+1]: 8.653349121576275e-06 mol
  KSO4[-1]: 4.546601583080379e-06 mol
  LiSO4[-1]: 3.266152370238594e-06 mol
  MgHCO3[+1]: 2.5694984194061896e-06 mol
  CaHCO3[+1]: 2.3520834484340565e-06 mol
  BaNO3[+1]: 1.3928005677190747e-06 mol
  KBr(aq): 1.8202933049635943e-07 mol
  CO3[-2]: 1.6204359724663989e-07 mol
  CaCO3(aq): 1.6177128360584785e-07 mol
  OH[-1]: 1.6155216859390874e-07 mol
  H[+1]: 1.0842188182334457e-07 mol
  MgCO3(aq): 8.230006052517382e-08 mol
  NaCO3[-1]: 4.321762471492401e-08 mol
  SrCO3(aq): 1.9354196741480243e-08 mol
  HCl(aq): 4.914791468444517e-09 mol
  NaOH(aq): 4.467397848816734e-09 mol
  BaCO3(aq): 1.4943935500544896e-09 mol
  HSO4[-1]: 1.1343713029746431e-09 mol
  LiOH(aq): 1.113349263948331e-09 mol
  KOH(aq): 1.711293787730175e-10 mol
  HNO3(aq): 6.4639887746375696e-12 mol
  KHSO4(aq): 2.4129662737789027e-13 mol
  HBrO(aq): 9.090409700806922e-15 mol
  BrO[-1]: 6.172099648010248e-16 mol
  Br(aq): 2.9226341581138127e-16 mol
  NO2[-1]: 7.731100256963731e-17 mol
  Br3[-1]: 2.4444882384550526e-17 mol
  HClO(aq): 1.0296967963938794e-17 mol
  ClO[-1]: 4.615925954267679e-18 mol
  N2(aq): 2.7647788502768614e-19 mol
  H2SO4(aq): 6.43766788315969e-20 mol
  HNO2(aq): 7.529367673851487e-21 mol
  ClO3[-1]: 8.807893427118241e-24 mol
  ClO4[-1]: 5.059979388987389e-24 mol
  BrO3[-1]: 1.0040712030397922e-25 mol
  ClO2[-1]: 7.465691633219642e-28 mol
  HSO5[-1]: 1.0094925765175574e-30 mol
  HClO2(aq): 6.639273747832046e-32 mol
volume: 1.006266033157211 l
temperature: 298.15 K
pressure: 1 atm
pH: 6.967595872345388
pE: 8.5
balance_charge: auto
solvent: H2O(aq)
engine: native
default_diffusion_coeff: 1.6106e-09
log_level: ERROR
