'@module': pyEQL.solution
'@class': Solution
'@version': src
solutes:
  H2O(aq): 55.34457593619076 mol
  Ca[+2]: 0.005677084751680669 mol
  HCO3[-1]: 0.005589152734848402 mol
  SO4[-2]: 0.004835307148623228 mol
  NH4[+1]: 0.002263824554307557 mol
  Na[+1]: 0.0013606601162554543 mol
  CaSO4(aq): 0.0011921170443653466 mol
  Cl[-1]: 0.0006889391310737765 mol
  Mg[+2]: 0.00039874033604741827 mol
  CO2(aq): 0.0002864633839028979 mol
  CaHCO3[+1]: 0.00021072425835375717 mol
  MgSO4(aq): 0.00015997370569668945 mol
  CaCO3(aq): 6.012609658908298e-05 mol
  NH3(aq): 4.2359011222945417e-05 mol
  NaSO4[-1]: 2.3127770117934315e-05 mol
  CO3[-2]: 1.516010017458571e-05 mol
  MgHCO3[+1]: 1.5160013842137776e-05 mol
  NaHCO3(aq): 7.976675409010224e-06 mol
  MgCO3(aq): 2.0144253035402814e-06 mol
  CaCl[+1]: 4.611584917709962e-07 mol
  OH[-1]: 4.334690566371271e-07 mol
  MgCl[+1]: 1.246851254373176e-07 mol
  NaCl(aq): 1.199239629022434e-07 mol
  NaCO3[-1]: 3.893466841831722e-08 mol
  H[+1]: 2.945467951165996e-08 mol
  HSO4[-1]: 7.879122143268183e-09 mol
  CaCl2(aq): 2.720073752028366e-10 mol
  NaOH(aq): 7.434872972736415e-11 mol
  HCl(aq): 3.4149244889038627e-12 mol
  NH4SO4[-1]: 2.886226267252802e-14 mol
  H2SO4(aq): 1.652723443992117e-19 mol
  O2(aq): 2.1900771574701486e-22 mol
  ClO[-1]: 7.876034617652495e-30 mol
  HClO(aq): 6.49392341350491e-30 mol
  H2(aq): 5.314015046522808e-36 mol
volume: 1.0 l
temperature: 298.15 K
pressure: 1 atm
pH: 7.530845698342173
pE: 8.5
balance_charge: auto
solvent: H2O(aq)
default_diffusion_coeff: 1.6106e-09
log_level: ERROR
