'@module': pyEQL.solution
'@class': Solution
'@version': 1.3.2.post1.dev89+g8391a3291
solutes:
  H2O(aq): 55.3431728706584 mol
  SO4[-2]: 0.004875219659002452 mol
  Ca[+2]: 0.003078029670466939 mol
  Na[+1]: 0.0013668150219148614 mol
  Sr[+2]: 0.0010308331032690067 mol
  CaSO4(aq): 0.0007984433655596169 mol
  Cl[-1]: 0.0006888994787096975 mol
  Mg[+2]: 0.0003971673425600521 mol
  SrSO4(aq): 0.0003269887337527961 mol
  S[-0.4]: 0.0002902506178700672 mol
  MgSO4(aq): 0.0001785661085847377 mol
  K[+1]: 9.3837761377998e-05 mol
  HCO3[-1]: 4.4952810877258825e-05 mol
  NaSO4[-1]: 2.4900648537149174e-05 mol
  Zn[+2]: 1.7317544910804234e-05 mol
  ZnSO4(aq): 5.905040410644737e-06 mol
  CO2(aq): 2.5463279883665835e-06 mol
  KSO4[-1]: 2.075996430137737e-06 mol
  CaHCO3[+1]: 1.0591191743552594e-06 mol
  Sb(OH)3(aq): 9.937104402499917e-07 mol
  Ni[+2]: 9.045596413705393e-07 mol
  ZnOH[+1]: 4.5533915239568895e-07 mol
  OH[-1]: 3.924974299197739e-07 mol
  NH4[+1]: 3.3730315517247845e-07 mol
  CaCl[+1]: 2.885683963548372e-07 mol
  CaCO3(aq): 2.820414721599204e-07 mol
  SrCl[+1]: 2.4244434055761837e-07 mol
  NiSO4(aq): 2.0148170897912679e-07 mol
  MgCl[+1]: 1.3002845802312262e-07 mol
  MgHCO3[+1]: 1.2698578395088996e-07 mol
  NaCl(aq): 1.242690099808246e-07 mol
  CO3[-2]: 1.0732332291230761e-07 mol
  NaHCO3(aq): 6.639120141029272e-08 mol
  Zn(OH)2(aq): 5.983818876449617e-08 mol
  H[+1]: 3.1714347738652815e-08 mol
  SrCO3(aq): 2.9513060303313926e-08 mol
  MgCO3(aq): 1.574803389088481e-08 mol
  ZnHCO3[+1]: 1.1844734506157275e-08 mol
  ZnCl[+1]: 1.1760372649886074e-08 mol
  CaOH[+1]: 1.1407293860050853e-08 mol
  HSO4[-1]: 9.048236946361298e-09 mol
  ZnHClO(aq): 6.170304511225717e-09 mol
  NH3(aq): 5.903104704491943e-09 mol
  ZnCO3(aq): 5.25432553009869e-09 mol
  KCl(aq): 1.620348288086133e-09 mol
  SrOH[+1]: 1.2417816572718202e-09 mol
  S[-0.5]: 8.383810634508851e-10 mol
  NaCO3[-1]: 2.93587878303179e-10 mol
  CaCl2(aq): 1.7558039195864838e-10 mol
  NaOH(aq): 6.971436475716389e-11 mol
  Sb(OH)4[-1]: 4.6770929312387554e-11 mol
  NiCl[+1]: 3.8925689478854353e-11 mol
  ZnH3N[+2]: 1.1945353703617661e-11 mol
  KOH(aq): 9.924016311021968e-12 mol
  Zn(OH)3[-1]: 7.555997500735072e-12 mol
  ZnCl2(aq): 7.1066314891547195e-12 mol
  Ni(OH)2(aq): 6.806585807261374e-12 mol
  HCl(aq): 3.774393776450592e-12 mol
  Sb(OH)2[+1]: 1.0027511395047714e-12 mol
  KHSO4(aq): 4.494971487393053e-14 mol
  Ni(OH)3[-1]: 2.8050634539977112e-15 mol
  ZnCl3[-1]: 2.6955298019102557e-15 mol
  S[-0.66666667]: 1.4704437985000252e-15 mol
  Ni2OH[+3]: 6.93969149511741e-16 mol
  Zn(OH)4[-2]: 7.009694656056597e-17 mol
  ZnCl4[-2]: 1.8743550494498983e-17 mol
  SbH4NO2(aq): 1.5489428296918264e-17 mol
  Zn(H3N)2[+2]: 1.1372984042651943e-17 mol
  NH4SO4[-1]: 4.619151317745982e-18 mol
  Ni(H3N)2[+2]: 3.951569029708098e-18 mol
  H2SO4(aq): 2.0949481922096292e-19 mol
  S[-1]: 1.5284126773537412e-21 mol
  NiOH[+1]: 2.308303943633635e-22 mol
  HS[-1]: 2.245725950219549e-22 mol
  O2(aq): 1.5684406365603506e-22 mol
  H2S(aq): 5.616945665179043e-23 mol
  Zn(H3N)3[+2]: 1.0828039859149972e-23 mol
  MgOH[+1]: 8.465802718615334e-24 mol
  S[-2]: 1.4134101841459142e-27 mol
  ClO[-1]: 6.669425356375107e-30 mol
  HClO(aq): 6.06980767262749e-30 mol
  Zn(H3N)4[+2]: 5.4881298434805796e-30 mol
  H2(aq): 6.293546149167047e-36 mol
  SbCl4[-1]: 3.859987079208046e-39 mol
  SbH4S2N(aq): 0.0 mol
  ClO2[-1]: 0.0 mol
  ClO3[-1]: 0.0 mol
  ClO4[-1]: 0.0 mol
  HClO2(aq): 0.0 mol
  Sb2HS4[-1]: 0.0 mol
  Ni(H3N)6[+2]: 0.0 mol
  SbS2[-1]: 0.0 mol
  ZnClO4[+1]: 0.0 mol
volume: 1.0003038602179857 l
temperature: 298.15 K
pressure: 1 atm
pH: 7.49887616097519
pE: 8.5
charge_balance: '-1.9740992135723903e-08'
solvent: H2O(aq)
engine: native
