'@module': pyEQL.solution
'@class': Solution
'@version': 1.3.2.post1.dev89+g8391a3291
solutes:
  H2O(aq): 55.34705795104686 mol
  Na[+1]: 0.008593998316008145 mol
  SO4[-2]: 0.005139603720497977 mol
  SiO2(aq): 0.004222597366200851 mol
  SiHO3[-1]: 0.0036844780636687874 mol
  Mg[+2]: 0.0016761837349747763 mol
  NaSiHO3(aq): 0.001327273910368786 mol
  Ca[+2]: 0.001185310806301223 mol
  MgSO4(aq): 0.0007276732080269763 mol
  Si2H7O8[-1]: 0.0005859248042209519 mol
  S[-0.4]: 0.0005851262810263594 mol
  K[+1]: 0.00045244674549232115 mol
  CaSO4(aq): 0.0002696736421140659 mol
  NaSO4[-1]: 0.00018939367263256913 mol
  OH[-1]: 7.364434189820467e-05 mol
  CuOH[+1]: 3.1884978859516794e-05 mol
  Ni[+2]: 1.8237400056002755e-05 mol
  KSO4[-1]: 1.0018588619237425e-05 mol
  SiH3O4[-1]: 8.244932670698159e-06 mol
  Ni(OH)2(aq): 4.509100771315928e-06 mol
  NiSO4(aq): 3.898819135537224e-06 mol
  Si(HO2)2[-2]: 3.703978423664394e-06 mol
  Sb(OH)3(aq): 1.6282054410119756e-06 mol
  Zn(OH)2(aq): 1.5472877100617122e-06 mol
  CaOH[+1]: 7.20978132098883e-07 mol
  Ni(OH)3[-1]: 3.4844567342887745e-07 mol
  Cu[+2]: 1.4354771534446732e-07 mol
  CuO2[-2]: 9.866543782091957e-08 mol
  NaOH(aq): 9.680738013251612e-08 mol
  ZnOH[+1]: 6.435903977855192e-08 mol
  CuSO4(aq): 5.1218706153828835e-08 mol
  NiOH[+1]: 4.524880922665801e-08 mol
  Zn(OH)3[-1]: 3.663668843033742e-08 mol
  Sb(OH)4[-1]: 1.4370011549372916e-08 mol
  Zn[+2]: 1.3628374514397459e-08 mol
  KOH(aq): 8.743771435238968e-09 mol
  ZnSO4(aq): 4.460179694579019e-09 mol
  S[-0.5]: 1.483994779908989e-09 mol
  H[+1]: 1.7261727667727842e-10 mol
  Zn(OH)4[-2]: 6.541236503804064e-11 mol
  Ni2OH[+3]: 5.3266355427777064e-11 mol
  HSO4[-1]: 4.954920610892417e-11 mol
  MgOH[+1]: 3.263937663743111e-12 mol
  O2(aq): 1.844789366247557e-13 mol
  Sb(OH)2[+1]: 8.980994651766634e-15 mol
  S[-0.66666667]: 2.2853556964597572e-15 mol
  KHSO4(aq): 1.1565082857344994e-15 mol
  S[-1]: 2.085741421622351e-21 mol
  H2SO4(aq): 6.1162874585674875e-24 mol
  HS[-1]: 1.398519914561494e-24 mol
  H2S(aq): 1.8638616519193285e-27 mol
  S[-2]: 1.6867518324047386e-27 mol
  H2(aq): 1.8315514675853914e-40 mol
  Sb2HS4[-1]: 0.0 mol
  SbS2[-1]: 0.0 mol
volume: 1.000332071732009 l
temperature: 298.15 K
pressure: 1 atm
pH: 9.763059932365861
pE: 8.5
charge_balance: '2.24242508938715e-08'
solvent: H2O(aq)
engine: native
