'@module': pyEQL.solution
'@class': Solution
'@version': src
solutes:
  H2O(aq): 55.34241424133696 mol
  Na[+1]: 0.031935891533503 mol
  SO4[-2]: 0.01586575117435941 mol
  SiO2(aq): 0.003521713374254717 mol
  NaSiHO3(aq): 0.0033787381687852914 mol
  SiHO3[-1]: 0.0032469549205777167 mol
  NaSO4[-1]: 0.001497484593145461 mol
  Mg[+2]: 0.001259916741131033 mol
  MgSO4(aq): 0.0011439402099825877 mol
  Ca[+2]: 0.0009959878257240868 mol
  S[-0.4]: 0.0005851262247908655 mol
  CaSO4(aq): 0.00045918797852066457 mol
  K[+1]: 0.0004388233767868583 mol
  Si2H7O8[-1]: 0.0003557413575245227 mol
  OH[-1]: 7.805551330358904e-05 mol
  CuOH[+1]: 3.177921854003409e-05 mol
  KSO4[-1]: 2.3642736268585736e-05 mol
  Ni[+2]: 1.6353331361014542e-05 mol
  SiH3O4[-1]: 1.0117654612346612e-05 mol
  NiSO4(aq): 7.084457900497597e-06 mol
  Si(HO2)2[-2]: 3.889757125877792e-06 mol
  Ni(OH)2(aq): 3.3417636852564013e-06 mol
  Sb(OH)3(aq): 1.6273990811573165e-06 mol
  Zn(OH)2(aq): 1.533352716016491e-06 mol
  CaOH[+1]: 5.296223032508813e-07 mol
  NaOH(aq): 2.95455224254361e-07 mol
  Ni(OH)3[-1]: 2.7286436367272846e-07 mol
  Cu[+2]: 1.6365564038971008e-07 mol
  CuSO4(aq): 1.183296335463369e-07 mol
  CuO2[-2]: 1.1720691091011883e-07 mol
  ZnOH[+1]: 6.746219252542623e-08 mol
  Zn(OH)3[-1]: 3.8363052104420806e-08 mol
  NiOH[+1]: 3.058898935195325e-08 mol
  Zn[+2]: 1.634077192123263e-08 mol
  Sb(OH)4[-1]: 1.517637089302826e-08 mol
  ZnSO4(aq): 1.0837050267912186e-08 mol
  KOH(aq): 7.96482612772693e-09 mol
  S[-0.5]: 1.5542890362810358e-09 mol
  H[+1]: 1.7855439293373592e-10 mol
  HSO4[-1]: 1.2827685517588974e-10 mol
  Zn(OH)4[-2]: 8.162262266409954e-11 mol
  Ni2OH[+3]: 4.706977529028754e-11 mol
  MgOH[+1]: 1.2361564892830696e-12 mol
  O2(aq): 1.8289542448605825e-13 mol
  Sb(OH)2[+1]: 9.49487403522335e-15 mol
  KHSO4(aq): 2.581358628158076e-15 mol
  S[-0.66666667]: 2.5069903732943376e-15 mol
  S[-1]: 2.3963970728183056e-21 mol
  H2SO4(aq): 1.4976416012862757e-23 mol
  HS[-1]: 1.4158645540935401e-24 mol
  S[-2]: 1.9845212779031722e-27 mol
  H2S(aq): 1.7791003377826173e-27 mol
  H2(aq): 1.817081714155308e-40 mol
  Sb2HS4[-1]: 0.0 mol
  SbS2[-1]: 0.0 mol
volume: 1.000415589728002 l
temperature: 298.15 K
pressure: 1 atm
pH: 9.748409911321342
pE: 8.5
balance_charge: Na[+1]
solvent: H2O(aq)
engine: native
default_diffusion_coeff: 1.6106e-09
log_level: ERROR
