'@module': pyEQL.solution
'@class': Solution
'@version': 1.5.1.dev50+geb84b2d8f
solutes:
  H2O(aq): 55.34457593619076 mol
  Na[+1]: 0.023371972558448223 mol
  SiO2(aq): 0.012816528421646435 mol
  HCO3[-1]: 0.009539465718077976 mol
  SO4[-2]: 0.005235250185867371 mol
  SiHO3[-1]: 0.0022477167161688207 mol
  Si2H7O8[-1]: 0.0021028413961539237 mol
  NaSiHO3(aq): 0.0017426615644039092 mol
  Mg[+2]: 0.0011461909702336257 mol
  CO3[-2]: 0.0009198771770332002 mol
  Ca[+2]: 0.0006459726913891459 mol
  K[+1]: 0.00048271139143839475 mol
  CaCO3(aq): 0.00035724164872593663 mol
  MgSO4(aq): 0.00034461328096206976 mol
  NO3[-1]: 0.00032735606070318873 mol
  NaSO4[-1]: 0.00031584656513781713 mol
  Cl[-1]: 0.00031280041446753187 mol
  MgCO3(aq): 0.00030566023078297457 mol
  O2(aq): 0.00026520749419410035 mol
  NaHCO3(aq): 0.0002245373321463877 mol
  CaSO4(aq): 0.00010055730120801212 mol
  MgHCO3[+1]: 7.010712735220396e-05 mol
  HPO4[-2]: 4.515331459394385e-05 mol
  MgPO4[-1]: 3.962624321876919e-05 mol
  CaHCO3[+1]: 3.815824697435488e-05 mol
  NaCO3[-1]: 3.7452709316610954e-05 mol
  MoO4[-2]: 3.196924935110959e-05 mol
  Cu(CO3)2[-2]: 2.8517818614022687e-05 mol
  WO4[-2]: 2.8073727386571152e-05 mol
  CuCO3(aq): 1.7046724765629608e-05 mol
  CaPO4[-1]: 1.570626885963537e-05 mol
  OH[-1]: 1.481819729078762e-05 mol
  CO2(aq): 1.4283459088749835e-05 mol
  MgHPO4(aq): 1.1326672040420693e-05 mol
  KSO4[-1]: 7.893652521100353e-06 mol
  NaHPO4[-1]: 4.293672739437342e-06 mol
  CaHPO4(aq): 4.085003683262091e-06 mol
  SiH3O4[-1]: 1.5224786555646948e-06 mol
  NaCl(aq): 8.960652820574078e-07 mol
  CaNO3[+1]: 5.485373694091333e-07 mol
  CuH2CO5[-2]: 4.917709636993421e-07 mol
  Si(HO2)2[-2]: 4.76861585391281e-07 mol
  CuPO4[-1]: 4.470175832397282e-07 mol
  H2PO4[-1]: 3.451524470305045e-07 mol
  MgCl[+1]: 1.530538512534505e-07 mol
  PO4[-3]: 6.494633634236429e-08 mol
  KHPO4[-1]: 6.363169269158394e-08 mol
  NaOH(aq): 4.1874137395617844e-08 mol
  CaCl[+1]: 2.216619410424779e-08 mol
  Cu[+2]: 7.489722677276156e-09 mol
  KCl(aq): 3.502443109893507e-09 mol
  MgP2O7[-2]: 2.1168841768625513e-09 mol
  CuSO4(aq): 1.8284843593386257e-09 mol
  KOH(aq): 1.7868865148233958e-09 mol
  CuHPO4(aq): 9.895643277777827e-10 mol
  H[+1]: 7.762405225259384e-10 mol
  CaP2O7[-2]: 3.813567694148279e-10 mol
  HSO4[-1]: 1.909200519044778e-10 mol
  CuO2[-2]: 7.797055163184638e-12 mol
  CaCl2(aq): 5.687437921352507e-12 mol
  CuCl[+1]: 3.3166888611265678e-12 mol
  NaP2O7[-3]: 1.6897525274212439e-12 mol
  P2O7[-4]: 1.6880950322147747e-12 mol
  Na2P2O7[-2]: 1.0697669544582616e-12 mol
  P2HO7[-3]: 6.053567530148693e-13 mol
  NaP2HO7[-2]: 1.0774258032145667e-13 mol
  CuH2PO4[+1]: 7.375972534717922e-14 mol
  HCl(aq): 4.52737114913085e-14 mol
  KP2O7[-3]: 4.21466411010172e-14 mol
  H3PO4(aq): 3.459687989960123e-14 mol
  HNO3(aq): 1.1033150978101966e-14 mol
  KHSO4(aq): 4.531179374186516e-15 mol
  P2H2O7[-2]: 7.889848215477895e-16 mol
  MgH2PO4[+1]: 5.903065273476956e-16 mol
  CuCl2(aq): 3.8102219252697996e-16 mol
  CaH2PO4[+1]: 1.7304844937006743e-16 mol
  NO2[-1]: 1.1685330890709835e-17 mol
  Cu[+1]: 8.13060971427475e-18 mol
  CuCl2[-1]: 3.651489265287282e-20 mol
  ClO[-1]: 3.9312525073395084e-21 mol
  H2SO4(aq): 1.1719086970543894e-22 mol
  CuCl3[-2]: 1.0489464800944496e-22 mol
  HClO(aq): 9.485284570621746e-23 mol
  P2H3O7[-1]: 8.196265160587541e-23 mol
  HNO2(aq): 1.2851608072277372e-23 mol
  CuNO2[+1]: 4.743276340202543e-24 mol
  N2(aq): 7.957574801612204e-25 mol
  ClO3[-1]: 7.352212162829189e-27 mol
  ClO4[-1]: 4.223716183126957e-27 mol
  CuCl4[-2]: 9.938822800650192e-28 mol
  P2H4O7(aq): 1.5667494136689054e-30 mol
  ClO2[-1]: 6.358316672082405e-31 mol
  HSO5[-1]: 1.6990237200157852e-31 mol
  HClO2(aq): 6.1159169438027005e-37 mol
  Cu(NO2)2(aq): 3.955466052115733e-40 mol
volume: 1.0 l
temperature: 298.15 K
pressure: 1 atm
pH: 9.170050716215622
pE: 8.5
balance_charge: auto
solvent: H2O(aq)
default_diffusion_coeff: 1.6106e-09
log_level: ERROR
