'@module': pyEQL.solution
'@class': Solution
'@version': 1.5.1.dev50+geb84b2d8f
solutes:
  H2O(aq): 55.34457593619076 mol
  Na[+1]: 0.023223113200706826 mol
  SiO2(aq): 0.011764850424939494 mol
  HCO3[-1]: 0.011717213168996172 mol
  SO4[-2]: 0.003376633447972863 mol
  SiHO3[-1]: 0.002534498203049315 mol
  Si2H7O8[-1]: 0.002237448284169434 mol
  NaSiHO3(aq): 0.001965600479335114 mol
  CO3[-2]: 0.001379018104643877 mol
  Mg[+2]: 0.0011279932505388172 mol
  Ca[+2]: 0.0005686243653615491 mol
  K[+1]: 0.0004862603104707113 mol
  CaCO3(aq): 0.0004830866609926467 mol
  MgCO3(aq): 0.00046125990809360503 mol
  NO3[-1]: 0.00032741593997761236 mol
  Cl[-1]: 0.00031280309863441043 mol
  NaHCO3(aq): 0.0002758802571761356 mol
  O2(aq): 0.00026529802108199034 mol
  MgSO4(aq): 0.00018714427386974932 mol
  NaSO4[-1]: 0.00017154616823927889 mol
  MgHCO3[+1]: 8.55585365094315e-05 mol
  NaCO3[-1]: 5.6526271761384935e-05 mol
  CaSO4(aq): 4.8934407166395465e-05 mol
  MgPO4[-1]: 4.50799746176056e-05 mol
  CaHCO3[+1]: 4.172974963504207e-05 mol
  HPO4[-2]: 4.1514418951585225e-05 mol
  Cu(CO3)2[-2]: 3.274097270248716e-05 mol
  MoO4[-2]: 3.196924935110922e-05 mol
  WO4[-2]: 2.8073727386570884e-05 mol
  OH[-1]: 1.819774543085714e-05 mol
  CaPO4[-1]: 1.6011424758824423e-05 mol
  CO2(aq): 1.4288334656476673e-05 mol
  CuCO3(aq): 1.3062662963803687e-05 mol
  MgHPO4(aq): 1.0489820327509377e-05 mol
  KSO4[-1]: 4.348098829318934e-06 mol
  NaHPO4[-1]: 3.976994535412108e-06 mol
  CaHPO4(aq): 3.3901144917755697e-06 mol
  SiH3O4[-1]: 2.3602469735537625e-06 mol
  NaCl(aq): 8.966800844692145e-07 mol
  Si(HO2)2[-2]: 6.558314137626713e-07 mol
  CuH2CO5[-2]: 5.645956485962483e-07 mol
  CaNO3[+1]: 4.886580970318144e-07 mol
  H2PO4[-1]: 2.6017777083689084e-07 mol
  CuPO4[-1]: 2.582315899429355e-07 mol
  MgCl[+1]: 1.5212873233246486e-07 mol
  PO4[-3]: 7.232702463588287e-08 mol
  KHPO4[-1]: 5.977451610870396e-08 mol
  NaOH(aq): 5.144911843078441e-08 mol
  CaCl[+1]: 1.9743052737407323e-08 mol
  Cu[+2]: 3.735982691338402e-09 mol
  KCl(aq): 3.5545571503370034e-09 mol
  KOH(aq): 2.2266172720926085e-09 mol
  MgP2O7[-2]: 1.8026312962785579e-09 mol
  H[+1]: 6.297308220344584e-10 mol
  CuSO4(aq): 5.042196696185404e-10 mol
  CuHPO4(aq): 4.6536504171846343e-10 mol
  CaP2O7[-2]: 2.910029954201315e-10 mol
  HSO4[-1]: 8.438972749406088e-11 mol
  CuO2[-2]: 8.9517074820051e-12 mol
  CaCl2(aq): 5.101649494083599e-12 mol
  CuCl[+1]: 1.6740010167664432e-12 mol
  NaP2O7[-3]: 1.4190406029293688e-12 mol
  P2O7[-4]: 1.3877937272078117e-12 mol
  Na2P2O7[-2]: 9.11362392995468e-13 mol
  P2HO7[-3]: 4.1372930728928726e-13 mol
  NaP2HO7[-2]: 7.47003221571929e-14 mol
  HCl(aq): 3.6870340572095036e-14 mol
  KP2O7[-3]: 3.589642717383786e-14 mol
  CuH2PO4[+1]: 2.805197344985853e-14 mol
  H3PO4(aq): 2.1230544236254954e-14 mol
  HNO3(aq): 8.9868256798356e-15 mol
  KHSO4(aq): 2.031877954690624e-15 mol
  P2H2O7[-2]: 4.451813150823862e-16 mol
  MgH2PO4[+1]: 4.4211750734445534e-16 mol
  CuCl2(aq): 1.9367431620828976e-16 mol
  CaH2PO4[+1]: 1.1614059023377969e-16 mol
  NO2[-1]: 1.16874683465847e-17 mol
  Cu[+1]: 5.038585194565911e-18 mol
  CuCl2[-1]: 2.2799562346618522e-20 mol
  ClO[-1]: 3.932756235884257e-21 mol
  HClO(aq): 7.724696319832469e-23 mol
  CuCl3[-2]: 6.506165194388949e-23 mol
  H2SO4(aq): 4.2169337654286767e-23 mol
  P2H3O7[-1]: 3.7917018797445775e-23 mol
  HNO2(aq): 1.0468012418243316e-23 mol
  CuNO2[+1]: 2.3944463935366143e-24 mol
  N2(aq): 5.279940173837298e-25 mol
  ClO3[-1]: 7.353702443570076e-27 mol
  ClO4[-1]: 4.224572323121735e-27 mol
  CuCl4[-2]: 5.020791622473444e-28 mol
  ClO2[-1]: 6.3607487677719435e-31 mol
  P2H4O7(aq): 5.900416739012734e-31 mol
  HSO5[-1]: 7.50995756117939e-32 mol
  HClO2(aq): 4.98072575012882e-37 mol
  Cu(NO2)2(aq): 2.011272120307192e-40 mol
volume: 1.0004472900840995 l
temperature: 298.15 K
pressure: 1 atm
pH: 9.199561130327616
pE: 8.5
balance_charge: auto
solvent: H2O(aq)
engine: native
default_diffusion_coeff: 1.6106e-09
log_level: ERROR
