'@module': pyEQL.solution
'@class': Solution
'@version': 1.5.0
solutes:
  H2O(aq): 55.34457593619076 mol
  Na[+1]: 0.02625224823979923 mol
  SO4[-2]: 0.009836697330234779 mol
  SiHO3[-1]: 0.006311794356014073 mol
  SiO2(aq): 0.005733398802222759 mol
  NaSiHO3(aq): 0.005306888671068559 mol
  Si2H7O8[-1]: 0.0034467711013880515 mol
  Mg[+2]: 0.0015051645290961805 mol
  Ca[+2]: 0.001008253445599462 mol
  MgSO4(aq): 0.000759663617041042 mol
  NaSO4[-1]: 0.0006257552995725413 mol
  K[+1]: 0.0005978889861711289 mol
  HCO3[-1]: 0.0005517093679310202 mol
  NH3(aq): 0.0005120217847033293 mol
  Cl[-1]: 0.0003919783578925465 mol
  CO3[-2]: 0.00034559595048527585 mol
  CaSO4(aq): 0.00026081510733407545 mol
  CaCO3(aq): 0.00018413036961401524 mol
  NH4[+1]: 0.0001385326417808887 mol
  MgCO3(aq): 0.00013389749693315192 mol
  SiH3O4[-1]: 0.00011858491846568499 mol
  OH[-1]: 9.311368256903677e-05 mol
  WO4[-2]: 3.519364664940886e-05 mol
  KSO4[-1]: 1.720866045961758e-05 mol
  NaCO3[-1]: 1.474537504939752e-05 mol
  NaHCO3(aq): 1.4082849041112434e-05 mol
  Si(HO2)2[-2]: 8.731608526464287e-06 mol
  MgHCO3[+1]: 5.067241782084618e-06 mol
  CaHCO3[+1]: 3.245097034661392e-06 mol
  NaCl(aq): 1.2151358841947e-06 mol
  NaOH(aq): 2.85059770599138e-07 mol
  MgCl[+1]: 2.391866556448946e-07 mol
  CO2(aq): 1.312706822899399e-07 mol
  CaCl[+1]: 4.075807221405023e-08 mol
  KOH(aq): 1.3385287745377657e-08 mol
  KCl(aq): 5.226331677512852e-09 mol
  H[+1]: 1.4601316576331395e-10 mol
  HSO4[-1]: 5.55640182232263e-11 mol
  CaCl2(aq): 1.2625752671302726e-11 mol
  O2(aq): 3.9606516503944264e-13 mol
  HCl(aq): 9.018722359379954e-15 mol
  NH4SO4[-1]: 2.4603042228088412e-15 mol
  KHSO4(aq): 1.5736556230803896e-15 mol
  H2SO4(aq): 5.433319711554542e-24 mol
  ClO[-1]: 1.9020839618265355e-25 mol
  HClO(aq): 7.311028736973257e-28 mol
  ClO2[-1]: 1.1903374720013402e-39 mol
  ClO3[-1]: 5.331125691829556e-40 mol
  H2(aq): 1.239695939916315e-40 mol
volume: 1.0 l
temperature: 298.15 K
pressure: 1 atm
pH: 9.83560798284182
pE: 8.5
balance_charge: auto
solvent: H2O(aq)
default_diffusion_coeff: 1.6106e-09
log_level: ERROR
