'@module': pyEQL.solution
'@class': Solution
'@version': 1.5.0
solutes:
  H2O(aq): 55.34457593619076 mol
  Na[+1]: 0.0211907542486483 mol
  SO4[-2]: 0.007666340623359999 mol
  SiHO3[-1]: 0.005790744816606059 mol
  SiO2(aq): 0.00534565703683623 mol
  NaSiHO3(aq): 0.004059446055162399 mol
  Si2H7O8[-1]: 0.0024371715995344196 mol
  Mg[+2]: 0.0012052610899301883 mol
  Ca[+2]: 0.0008088173425355064 mol
  MgSO4(aq): 0.0005452036733156362 mol
  K[+1]: 0.0004788225254750662 mol
  HCO3[-1]: 0.0004439716981597736 mol
  NaSO4[-1]: 0.00043223791039045674 mol
  Cl[-1]: 0.00031287340208141094 mol
  CO3[-2]: 0.00026501671152128706 mol
  NH3(aq): 0.0002589912046882834 mol
  CaSO4(aq): 0.0001893023525277544 mol
  CaCO3(aq): 0.00012771090717556149 mol
  MgCO3(aq): 9.183097641807654e-05 mol
  OH[-1]: 9.153595532493472e-05 mol
  NH4[+1]: 6.87230665370677e-05 mol
  MgPO4[-1]: 6.862796673018252e-05 mol
  SiH3O4[-1]: 6.817410329290751e-05 mol
  CaPO4[-1]: 3.2367331667866637e-05 mol
  MoO4[-2]: 3.196924935110947e-05 mol
  WO4[-2]: 2.8073727386570993e-05 mol
  CuH2CO5[-2]: 1.645437277780095e-05 mol
  CuCO3(aq): 1.4910504417519314e-05 mol
  HPO4[-2]: 1.2145952282207397e-05 mol
  KSO4[-1]: 1.1820163876792028e-05 mol
  NaCO3[-1]: 9.733150514190404e-06 mol
  NaHCO3(aq): 9.448887166576249e-06 mol
  Si(HO2)2[-2]: 7.608343091895262e-06 mol
  Cu(CO3)2[-2]: 7.188112616656135e-06 mol
  MgHCO3[+1]: 3.418974390767557e-06 mol
  MgHPO4(aq): 3.1764532085830976e-06 mol
  CuPO4[-1]: 2.253948343985371e-06 mol
  CaHCO3[+1]: 2.2143064729225213e-06 mol
  CaHPO4(aq): 1.363164376728003e-06 mol
  NaHPO4[-1]: 1.0415713134873823e-06 mol
  NaCl(aq): 8.10290732662139e-07 mol
  NaOH(aq): 2.3386960820304372e-07 mol
  MgCl[+1]: 1.6039360694746268e-07 mol
  PO4[-3]: 1.0845087944686579e-07 mol
  CO2(aq): 1.0760523406773003e-07 mol
  CuH3N[+2]: 6.863046654001643e-08 mol
  Cu(H3N)2[+2]: 4.8380853070863006e-08 mol
  CuO2[-2]: 3.461790617151143e-08 mol
  CaCl[+1]: 2.764073346750298e-08 mol
  Cu[+2]: 2.2944971118003335e-08 mol
  KHPO4[-1]: 1.6890104745031682e-08 mol
  H2PO4[-1]: 1.49945025417276e-08 mol
  KOH(aq): 1.0920026238853919e-08 mol
  CuSO4(aq): 8.422075563091033e-09 mol
  Cu(H3N)3[+2]: 8.311561520602966e-09 mol
  KCl(aq): 3.4655415237283307e-09 mol
  CuHPO4(aq): 8.07951494942353e-10 mol
  MgP2O7[-2]: 1.596578284585988e-10 mol
  H[+1]: 1.4458175404408423e-10 mol
  HSO4[-1]: 4.679067123612621e-11 mol
  CaP2O7[-2]: 3.422474497232684e-11 mol
  CuCl[+1]: 1.0119257451559945e-11 mol
  CaCl2(aq): 7.075368546675407e-12 mol
  O2(aq): 3.9714614891314155e-13 mol
  P2O7[-4]: 1.2339044149104297e-13 mol
  NaP2O7[-3]: 1.1081397963231169e-13 mol
  Na2P2O7[-2]: 6.310490305735279e-14 mol
  CuH2PO4[+1]: 9.775612063707801e-15 mol
  HCl(aq): 7.33176193489193e-15 mol
  P2HO7[-3]: 7.109578823764619e-15 mol
  KP2O7[-3]: 3.0243580979153917e-15 mol
  CuCl2(aq): 1.1597600665428273e-15 mol
  NaP2HO7[-2]: 1.138209832134059e-15 mol
  KHSO4(aq): 1.0986988067600843e-15 mol
  NH4SO4[-1]: 1.0479752331230206e-15 mol
  H3PO4(aq): 2.433772303682807e-16 mol
  MgH2PO4[+1]: 2.6872070613232765e-17 mol
  CaH2PO4[+1]: 9.373610384670526e-18 mol
  P2H2O7[-2]: 1.4926728854228576e-18 mol
  H2SO4(aq): 4.650754490915897e-24 mol
  ClO[-1]: 1.5215480320550493e-25 mol
  P2H3O7[-1]: 2.5043277544945452e-26 mol
  CuCl4[-2]: 3.0336571884620753e-27 mol
  HClO(aq): 5.944659675881755e-28 mol
  P2H4O7(aq): 7.751693860381721e-35 mol
  ClO2[-1]: 9.523821717739346e-40 mol
  ClO3[-1]: 4.2621704317515365e-40 mol
  H2(aq): 1.2425919927339552e-40 mol
volume: 1.0 l
temperature: 298.15 K
pressure: 1 atm
pH: 9.839886510761785
pE: 8.5
balance_charge: auto
solvent: H2O(aq)
default_diffusion_coeff: 1.6106e-09
log_level: ERROR
