'@module': pyEQL.solution
'@class': Solution
'@version': src
solutes:
  H2O(aq): 55.34457593619076 mol
  Na[+1]: 0.02624615631416127 mol
  SO4[-2]: 0.009714908874504715 mol
  SiHO3[-1]: 0.006310832105398951 mol
  SiO2(aq): 0.0057404669224578155 mol
  NaSiHO3(aq): 0.005319886174492747 mol
  Si2H7O8[-1]: 0.003444209003229775 mol
  Mg[+2]: 0.0015072865981518731 mol
  Ca[+2]: 0.0010083043877469836 mol
  MgSO4(aq): 0.0007569248016459323 mol
  NaSO4[-1]: 0.0006200292528425188 mol
  HCO3[-1]: 0.0005513938131578921 mol
  CO3[-2]: 0.00034395592982811664 mol
  CaSO4(aq): 0.00025974068365635484 mol
  CaCO3(aq): 0.00018517843961572222 mol
  MgCO3(aq): 0.0001347291676663189 mol
  SiH3O4[-1]: 0.00011638122795085936 mol
  OH[-1]: 9.297679963695787e-05 mol
  NaCO3[-1]: 1.4754388900450214e-05 mol
  NaHCO3(aq): 1.4111417208756382e-05 mol
  Si(HO2)2[-2]: 8.691316597563167e-06 mol
  MgHCO3[+1]: 5.0915040134463435e-06 mol
  CaHCO3[+1]: 3.2589521049753897e-06 mol
  NaOH(aq): 2.8540608416398144e-07 mol
  CO2(aq): 1.3140605318428945e-07 mol
  H[+1]: 1.4589125496940234e-10 mol
  HSO4[-1]: 5.499046802524709e-11 mol
  O2(aq): 3.9617613354252947e-13 mol
  H2SO4(aq): 5.384851569882497e-24 mol
  H2(aq): 1.2399666231965438e-40 mol
volume: 1.0 l
temperature: 298.15 K
pressure: 1 atm
pH: 9.835970739856775
pE: 8.5
balance_charge: auto
solvent: H2O(aq)
default_diffusion_coeff: 1.6106e-09
log_level: ERROR
