'@module': pyEQL.solution
'@class': Solution
'@version': 1.5.0
solutes:
  H2O(aq): 55.34457593619076 mol
  Na[+1]: 0.023573236172279625 mol
  SiO2(aq): 0.014429378267576306 mol
  SO4[-2]: 0.007290877751483272 mol
  HCO3[-1]: 0.00706424018182608 mol
  SiHO3[-1]: 0.0018737758976274336 mol
  Si2H7O8[-1]: 0.0018658881201356222 mol
  NaSiHO3(aq): 0.0014547595865614749 mol
  Mg[+2]: 0.0011459562303268748 mol
  Ca[+2]: 0.0007271020162945845 mol
  MgSO4(aq): 0.0005108911933240131 mol
  CO3[-2]: 0.0005078881815531288 mol
  K[+1]: 0.0004788745208584139 mol
  NaSO4[-1]: 0.00047716192825619037 mol
  NO3[-1]: 0.0003272950080289881 mol
  Cl[-1]: 0.0003127987677997406 mol
  O2(aq): 0.00026510981446090304 mol
  CaCO3(aq): 0.00021628212948121266 mol
  CaSO4(aq): 0.00016750096393636167 mol
  NaHCO3(aq): 0.00016650683493666784 mol
  MgCO3(aq): 0.00016469870819943775 mol
  MgHCO3[+1]: 5.137916455902637e-05 mol
  HPO4[-2]: 5.0778089300902164e-05 mol
  MgPO4[-1]: 3.217856416994948e-05 mol
  MoO4[-2]: 3.1969249351109474e-05 mol
  CaHCO3[+1]: 3.14210415022561e-05 mol
  WO4[-2]: 2.8073727386570993e-05 mol
  CuCO3(aq): 2.334605640124618e-05 mol
  Cu(CO3)2[-2]: 2.1577519684593573e-05 mol
  NaCO3[-1]: 2.056495279115652e-05 mol
  CaPO4[-1]: 1.4330590430408615e-05 mol
  CO2(aq): 1.4278198285403492e-05 mol
  MgHPO4(aq): 1.242181671832836e-05 mol
  KSO4[-1]: 1.1724776811219482e-05 mol
  OH[-1]: 1.0975448952765473e-05 mol
  CaHPO4(aq): 5.033644488480886e-06 mol
  NaHPO4[-1]: 4.79849395203699e-06 mol
  CuPO4[-1]: 9.226345044069832e-07 mol
  NaCl(aq): 8.96936019305911e-07 mol
  SiH3O4[-1]: 7.690561495652913e-07 mol
  CaNO3[+1]: 6.095901902241999e-07 mol
  H2PO4[-1]: 5.202162292809732e-07 mol
  CuH2CO5[-2]: 3.7208828023334683e-07 mol
  Si(HO2)2[-2]: 2.9660610061796665e-07 mol
  MgCl[+1]: 1.5140751608167102e-07 mol
  KHPO4[-1]: 6.991758855063811e-08 mol
  PO4[-3]: 5.4902049097708496e-08 mol
  NaOH(aq): 3.105198595172522e-08 mol
  CaCl[+1]: 2.4637781550121418e-08 mol
  Cu[+2]: 1.907045070537653e-08 mol
  CuSO4(aq): 6.889837527366121e-09 mol
  KCl(aq): 3.4469093060272617e-09 mol
  CuHPO4(aq): 2.75834222395773e-09 mol
  MgP2O7[-2]: 2.6105148688621563e-09 mol
  KOH(aq): 1.3027990449886607e-09 mol
  H[+1]: 1.2104711038645508e-09 mol
  CaP2O7[-2]: 5.284061092463744e-10 mol
  HSO4[-1]: 3.8898969700693347e-10 mol
  CuCl[+1]: 8.339292940832773e-12 mol
  CaCl2(aq): 6.2737863342200075e-12 mol
  CuO2[-2]: 5.8995084281359395e-12 mol
  P2O7[-4]: 2.1995958939858385e-12 mol
  NaP2O7[-3]: 2.1557163129023045e-12 mol
  Na2P2O7[-2]: 1.3462123667579178e-12 mol
  P2HO7[-3]: 1.041542085288419e-12 mol
  CuH2PO4[+1]: 2.7963853422574415e-13 mol
  NaP2HO7[-2]: 1.8285578215498522e-13 mol
  H3PO4(aq): 7.042208908443033e-14 mol
  HCl(aq): 6.111739582081282e-14 mol
  KP2O7[-3]: 5.286502298345666e-14 mol
  HNO3(aq): 1.489153905505681e-14 mol
  KHSO4(aq): 9.089434505807867e-15 mol
  P2H2O7[-2]: 1.8058717412020138e-15 mol
  CuCl2(aq): 9.507741285686986e-16 mol
  MgH2PO4[+1]: 8.805093793508705e-16 mol
  CaH2PO4[+1]: 2.900223110077271e-16 mol
  Cu[+1]: 1.5145037775283974e-17 mol
  NO2[-1]: 1.1683151549052726e-17 mol
  CuCl2[-1]: 6.746787421517042e-20 mol
  ClO[-1]: 3.929620867857606e-21 mol
  H2SO4(aq): 3.2246260817181563e-22 mol
  P2H3O7[-1]: 2.514319566502449e-22 mol
  CuCl3[-2]: 1.9519572550234184e-22 mol
  HClO(aq): 1.2804691121624401e-22 mol
  HNO2(aq): 1.7345926282386914e-23 mol
  CuNO2[+1]: 1.192406147909519e-23 mol
  N2(aq): 1.4495070825214268e-24 mol
  ClO3[-1]: 7.350607934027192e-27 mol
  ClO4[-1]: 4.2227945819814314e-27 mol
  CuCl4[-2]: 2.4964862132911282e-27 mol
  P2H4O7(aq): 6.490872019870927e-30 mol
  ClO2[-1]: 6.355677696208831e-31 mol
  HSO5[-1]: 3.461672650221165e-31 mol
  HClO2(aq): 8.2562022054095e-37 mol
  Cu(NO2)2(aq): 9.866595161578355e-40 mol
volume: 1.0 l
temperature: 298.15 K
pressure: 1 atm
pH: 8.917045573493592
pE: 8.5
balance_charge: auto
solvent: H2O(aq)
default_diffusion_coeff: 1.6106e-09
log_level: ERROR
