'@module': pyEQL.solution
'@class': Solution
'@version': 1.5.0
solutes:
  H2O(aq): 55.34457593619076 mol
  Na[+1]: 0.02328510076000587 mol
  SiO2(aq): 0.012189847206619921 mol
  HCO3[-1]: 0.010770397703391336 mol
  SO4[-2]: 0.004191283975089916 mol
  SiHO3[-1]: 0.002413785053521015 mol
  Si2H7O8[-1]: 0.0021853147091345534 mol
  NaSiHO3(aq): 0.0018714603789715025 mol
  CO3[-2]: 0.0011684327281466101 mol
  Mg[+2]: 0.0011379129005165752 mol
  Ca[+2]: 0.0006023456206490049 mol
  K[+1]: 0.00048469263236034974 mol
  CaCO3(aq): 0.0004289454435831468 mol
  MgCO3(aq): 0.00039034968278414374 mol
  NO3[-1]: 0.00032738967780222616 mol
  Cl[-1]: 0.00031280179208639623 mol
  O2(aq): 0.0002652571303382927 mol
  MgSO4(aq): 0.00025659733337023177 mol
  NaHCO3(aq): 0.0002535168399785834 mol
  NaSO4[-1]: 0.00023476262015023218 mol
  MgHCO3[+1]: 7.900284263282406e-05 mol
  CaSO4(aq): 7.039775620797736e-05 mol
  NaCO3[-1]: 4.7745318581905524e-05 mol
  HPO4[-2]: 4.296716746522687e-05 mol
  MgPO4[-1]: 4.282161612417699e-05 mol
  CaHCO3[+1]: 4.0429096907051755e-05 mol
  MoO4[-2]: 3.196924935111533e-05 mol
  Cu(CO3)2[-2]: 3.1086977145459605e-05 mol
  WO4[-2]: 2.8073727386574476e-05 mol
  OH[-1]: 1.6728584740302402e-05 mol
  CaPO4[-1]: 1.5957992636043095e-05 mol
  CuCO3(aq): 1.4634252283776732e-05 mol
  CO2(aq): 1.4286132376082669e-05 mol
  MgHPO4(aq): 1.0840596453662727e-05 mol
  KSO4[-1]: 5.914483917869242e-06 mol
  NaHPO4[-1]: 4.1021586571497424e-06 mol
  CaHPO4(aq): 3.6759397482663267e-06 mol
  SiH3O4[-1]: 1.9779203620826887e-06 mol
  NaCl(aq): 8.962792996862547e-07 mol
  Si(HO2)2[-2]: 5.759073995521597e-07 mol
  CuH2CO5[-2]: 5.360742347311563e-07 mol
  CaNO3[+1]: 5.149202716293584e-07 mol
  CuPO4[-1]: 3.2472778768935913e-07 mol
  H2PO4[-1]: 2.9204824666798364e-07 mol
  MgCl[+1]: 1.5279539607477887e-07 mol
  PO4[-3]: 6.923402788204896e-08 mol
  KHPO4[-1]: 6.128342802499659e-08 mol
  NaOH(aq): 4.72785477937588e-08 mol
  CaCl[+1]: 2.080569454688453e-08 mol
  Cu[+2]: 4.993291849751863e-09 mol
  KCl(aq): 3.531513458535395e-09 mol
  KOH(aq): 2.0337674237120054e-09 mol
  MgP2O7[-2]: 1.9280427067754603e-09 mol
  CuSO4(aq): 9.152212019133701e-10 mol
  H[+1]: 7.868203124700652e-10 mol
  CuHPO4(aq): 6.366629507727433e-10 mol
  CaP2O7[-2]: 3.2656985428990573e-10 mol
  HSO4[-1]: 1.2567950640546402e-10 mol
  CuO2[-2]: 8.49948865095246e-12 mol
  CaCl2(aq): 5.359538866092466e-12 mol
  CuCl[+1]: 2.2257963871344177e-12 mol
  NaP2O7[-3]: 1.5242769105166898e-12 mol
  P2O7[-4]: 1.5049776680018816e-12 mol
  Na2P2O7[-2]: 9.726396249315952e-13 mol
  P2HO7[-3]: 4.836289510944046e-13 mol
  NaP2HO7[-2]: 8.67581505565948e-14 mol
  CuH2PO4[+1]: 4.187458241764649e-14 mol
  HCl(aq): 4.010605518565585e-14 mol
  KP2O7[-3]: 3.832567355267138e-14 mol
  H3PO4(aq): 2.592694100216198e-14 mol
  HNO3(aq): 9.774759779288495e-15 mol
  KHSO4(aq): 3.006912594731512e-15 mol
  P2H2O7[-2]: 5.626673234737551e-16 mol
  MgH2PO4[+1]: 4.985332042636026e-16 mol
  CuCl2(aq): 2.5671464310808553e-16 mol
  CaH2PO4[+1]: 1.37407138564647e-16 mol
  NO2[-1]: 1.1686530889649869e-17 mol
  Cu[+1]: 6.159116583522831e-18 mol
  CuCl2[-1]: 2.777791402072929e-20 mol
  ClO[-1]: 3.932095787803187e-21 mol
  HClO(aq): 8.402610122080161e-23 mol
  CuCl3[-2]: 7.950083564023726e-23 mol
  H2SO4(aq): 6.832464736052458e-23 mol
  P2H3O7[-1]: 5.1975132416431886e-23 mol
  HNO2(aq): 1.138581189846886e-23 mol
  CuNO2[+1]: 3.1834776994292758e-24 mol
  N2(aq): 6.246193099782552e-25 mol
  ClO3[-1]: 7.353046619994325e-27 mol
  ClO4[-1]: 4.2241955640473485e-27 mol
  CuCl4[-2]: 6.673270080511642e-28 mol
  P2H4O7(aq): 8.799334842159039e-31 mol
  ClO2[-1]: 6.359680574355387e-31 mol
  HSO5[-1]: 1.118439160123386e-31 mol
  HClO2(aq): 5.417830665509317e-37 mol
  Cu(NO2)2(aq): 2.665528922969757e-40 mol
volume: 1.0 l
temperature: 298.15 K
pressure: 1 atm
pH: 9.104124436907513
pE: 8.5
balance_charge: auto
solvent: H2O(aq)
default_diffusion_coeff: 1.6106e-09
log_level: ERROR
