'@module': pyEQL.solution
'@class': Solution
'@version': 1.5.1.dev50+geb84b2d8f
solutes:
  H2O(aq): 55.34457593619076 mol
  Na[+1]: 0.023269981472785323 mol
  SiO2(aq): 0.012084561162976383 mol
  HCO3[-1]: 0.010995840263372036 mol
  SO4[-2]: 0.00399825595340576 mol
  SiHO3[-1]: 0.002443044247570224 mol
  Si2H7O8[-1]: 0.0021985344166581466 mol
  NaSiHO3(aq): 0.0018942351562418072 mol
  CO3[-2]: 0.0012170530261597055 mol
  Mg[+2]: 0.0011358241565354657 mol
  Ca[+2]: 0.0005943020937304723 mol
  K[+1]: 0.0004850622483921464 mol
  CaCO3(aq): 0.00044195143073150927 mol
  MgCO3(aq): 0.00040680312510160005 mol
  NO3[-1]: 0.000327395921468007 mol
  Cl[-1]: 0.0003128020840210179 mol
  O2(aq): 0.0002652665863088463 mol
  NaHCO3(aq): 0.0002588356017388426 mol
  MgSO4(aq): 0.00024017930935524485 mol
  NaSO4[-1]: 0.0002197856614749085 mol
  MgHCO3[+1]: 8.05886703287135e-05 mol
  CaSO4(aq): 6.514548255830642e-05 mol
  NaCO3[-1]: 4.976777222254397e-05 mol
  MgPO4[-1]: 4.337451440865801e-05 mol
  HPO4[-2]: 4.260428865267662e-05 mol
  CaHCO3[+1]: 4.077250060598449e-05 mol
  MoO4[-2]: 3.1969249351109034e-05 mol
  Cu(CO3)2[-2]: 3.1504238401319846e-05 mol
  WO4[-2]: 2.8073727386570498e-05 mol
  OH[-1]: 1.707842322745008e-05 mol
  CaPO4[-1]: 1.5980555348376907e-05 mol
  CO2(aq): 1.4286641652673975e-05 mol
  CuCO3(aq): 1.4239079530651337e-05 mol
  MgHPO4(aq): 1.0755349888727281e-05 mol
  KSO4[-1]: 5.5451982522412035e-06 mol
  NaHPO4[-1]: 4.070715717397806e-06 mol
  CaHPO4(aq): 3.605635201912818e-06 mol
  SiH3O4[-1]: 2.0665441220859097e-06 mol
  NaCl(aq): 8.963572911025402e-07 mol
  Si(HO2)2[-2]: 5.946539450979891e-07 mol
  CuH2CO5[-2]: 5.432695154080215e-07 mol
  CaNO3[+1]: 5.086766060487625e-07 mol
  CuPO4[-1]: 3.070944402523911e-07 mol
  H2PO4[-1]: 2.8385215835820254e-07 mol
  MgCl[+1]: 1.5267296198604503e-07 mol
  PO4[-3]: 6.99844238667709e-08 mol
  KHPO4[-1]: 6.090194818076126e-08 mol
  NaOH(aq): 4.827044770899628e-08 mol
  CaCl[+1]: 2.0553042318782354e-08 mol
  Cu[+2]: 4.652510335102842e-09 mol
  KCl(aq): 3.536946324637069e-09 mol
  KOH(aq): 2.079449124612543e-09 mol
  MgP2O7[-2]: 1.8967414417798214e-09 mol
  CuSO4(aq): 7.998166736386925e-10 mol
  H[+1]: 7.702456455622274e-10 mol
  CuHPO4(aq): 5.897417461936735e-10 mol
  CaP2O7[-2]: 3.17621294660482e-10 mol
  HSO4[-1]: 1.152428928647624e-10 mol
  CuO2[-2]: 8.613572027154443e-12 mol
  CaCl2(aq): 5.298354368103754e-12 mol
  CuCl[+1]: 2.0764344431487776e-12 mol
  NaP2O7[-3]: 1.4976395579038857e-12 mol
  P2O7[-4]: 1.4753809316667708e-12 mol
  Na2P2O7[-2]: 9.57085891354584e-13 mol
  P2HO7[-3]: 4.654092379898903e-13 mol
  NaP2HO7[-2]: 8.361583249910545e-14 mol
  HCl(aq): 3.928502313847951e-14 mol
  CuH2PO4[+1]: 3.7966765956284866e-14 mol
  KP2O7[-3]: 3.771056523525337e-14 mol
  H3PO4(aq): 2.4682472994635022e-14 mol
  HNO3(aq): 9.574829218419606e-15 mol
  KHSO4(aq): 2.761345951857181e-15 mol
  P2H2O7[-2]: 5.311402382029648e-16 mol
  MgH2PO4[+1]: 4.841347730073214e-16 mol
  CuCl2(aq): 2.3966417004522443e-16 mol
  CaH2PO4[+1]: 1.31923911298882e-16 mol
  NO2[-1]: 1.1686753764095692e-17 mol
  Cu[+1]: 5.8658461746917074e-18 mol
  CuCl2[-1]: 2.647599320291726e-20 mol
  ClO[-1]: 3.932252177877364e-21 mol
  HClO(aq): 8.230595892353056e-23 mol
  CuCl3[-2]: 7.572230450126183e-23 mol
  H2SO4(aq): 6.136586743181504e-23 mol
  P2H3O7[-1]: 4.8092141651027785e-23 mol
  HNO2(aq): 1.1152929269104162e-23 mol
  CuNO2[+1]: 2.9699044701174873e-24 mol
  N2(aq): 5.993338640124395e-25 mol
  ClO3[-1]: 7.353201740516945e-27 mol
  ClO4[-1]: 4.224284678050888e-27 mol
  CuCl4[-2]: 6.22603240736923e-28 mol
  P2H4O7(aq): 7.97495334308809e-31 mol
  ClO2[-1]: 6.359933516036278e-31 mol
  HSO5[-1]: 1.0255623052021522e-31 mol
  HClO2(aq): 5.306919418268525e-37 mol
  Cu(NO2)2(aq): 2.4885800960469757e-40 mol
volume: 1.0004516477147563 l
temperature: 298.15 K
pressure: 1 atm
pH: 9.113566852034316
pE: 8.5
balance_charge: auto
solvent: H2O(aq)
engine: native
default_diffusion_coeff: 1.6106e-09
log_level: ERROR
