'@module': pyEQL.solution
'@class': Solution
'@version': 1.5.0
solutes:
  H2O(aq): 55.34457593619076 mol
  Na[+1]: 0.029253303343173904 mol
  SiO2(aq): 0.01545041034451391 mol
  SO4[-2]: 0.009247839499183168 mol
  HCO3[-1]: 0.007668262378070544 mol
  Si2H7O8[-1]: 0.002988576353171263 mol
  SiHO3[-1]: 0.002177926866461292 mol
  NaSiHO3(aq): 0.0020323169488349266 mol
  Mg[+2]: 0.0013876329112119683 mol
  Ca[+2]: 0.0008857628103989203 mol
  NaSO4[-1]: 0.000675429473145177 mol
  MgSO4(aq): 0.0006746857446695064 mol
  CO3[-2]: 0.0006175683859115325 mol
  K[+1]: 0.0005983377094017628 mol
  NO3[-1]: 0.00041018629128872664 mol
  Cl[-1]: 0.00039187083833803403 mol
  CaCO3(aq): 0.00028488931545087785 mol
  O2(aq): 0.00026449031250493457 mol
  CaSO4(aq): 0.00022047404528167591 mol
  MgCO3(aq): 0.00021766002527414202 mol
  NaHCO3(aq): 0.00021723917282229184 mol
  MgHCO3[+1]: 6.457081148468118e-05 mol
  HPO4[-2]: 5.8664699976855375e-05 mol
  MgPO4[-1]: 4.371646807674649e-05 mol
  MoO4[-2]: 4.007713154054535e-05 mol
  CaHCO3[+1]: 3.935834468742949e-05 mol
  WO4[-2]: 3.519364664925953e-05 mol
  Cu(CO3)2[-2]: 2.9920512059694663e-05 mol
  NaCO3[-1]: 2.9131128193264668e-05 mol
  CuCO3(aq): 2.653048600220483e-05 mol
  CaPO4[-1]: 1.94048161323558e-05 mol
  KSO4[-1]: 1.667740493637708e-05 mol
  MgHPO4(aq): 1.5543184784824625e-05 mol
  CO2(aq): 1.4244833350259452e-05 mol
  OH[-1]: 1.1925180840123658e-05 mol
  NaHPO4[-1]: 6.435776445106171e-06 mol
  CaHPO4(aq): 6.277756621392502e-06 mol
  SiH3O4[-1]: 1.7225995878160156e-06 mol
  NaCl(aq): 1.3478949121038884e-06 mol
  CuPO4[-1]: 1.077832539689959e-06 mol
  CaNO3[+1]: 8.798457899302623e-07 mol
  H2PO4[-1]: 5.346650735165219e-07 mol
  CuH2CO5[-2]: 5.158497486172362e-07 mol
  Si(HO2)2[-2]: 3.874521148441971e-07 mol
  MgCl[+1]: 2.1917203248905177e-07 mol
  KHPO4[-1]: 9.423063244392547e-08 mol
  PO4[-3]: 7.375176601352289e-08 mol
  NaOH(aq): 4.051309812722103e-08 mol
  CaCl[+1]: 3.5547277370717316e-08 mol
  Cu[+2]: 2.0042837290219875e-08 mol
  CuSO4(aq): 7.82393603692466e-09 mol
  KCl(aq): 5.205160103894381e-09 mol
  MgP2O7[-2]: 3.7746228806739495e-09 mol
  CuHPO4(aq): 2.967879291952567e-09 mol
  KOH(aq): 1.7080208707275041e-09 mol
  H[+1]: 1.1437547226087027e-09 mol
  CaP2O7[-2]: 7.615216755947332e-10 mol
  HSO4[-1]: 4.21943442084857e-10 mol
  CaCl2(aq): 1.0961549992945291e-11 mol
  CuCl[+1]: 1.0380305210699876e-11 mol
  CuO2[-2]: 8.180565498283031e-12 mol
  NaP2O7[-3]: 3.577996974222659e-12 mol
  P2O7[-4]: 3.3647851869937625e-12 mol
  Na2P2O7[-2]: 2.5077061502751985e-12 mol
  P2HO7[-3]: 1.3247291840583556e-12 mol
  CuH2PO4[+1]: 2.8612501389627776e-13 mol
  NaP2HO7[-2]: 2.610199410917935e-13 mol
  KP2O7[-3]: 8.817113936076099e-14 mol
  HCl(aq): 7.038195567352189e-14 mol
  H3PO4(aq): 6.666276300399073e-14 mol
  HNO3(aq): 1.715536340295797e-14 mol
  KHSO4(aq): 1.1907956555409008e-14 mol
  P2H2O7[-2]: 1.9753943700703498e-15 mol
  CuCl2(aq): 1.433163540662116e-15 mol
  MgH2PO4[+1]: 1.0477305403021299e-15 mol
  CaH2PO4[+1]: 3.4396485316966707e-16 mol
  Cu[+1]: 1.6368462737030695e-17 mol
  NO2[-1]: 1.464204612630581e-17 mol
  CuCl2[-1]: 1.1040628598190488e-19 mol
  ClO[-1]: 4.913270255825968e-21 mol
  CuCl3[-2]: 4.134927352500532e-22 mol
  H2SO4(aq): 3.221602789780412e-22 mol
  P2H3O7[-1]: 2.446722997628839e-22 mol
  HClO(aq): 1.474570686188196e-22 mol
  HNO2(aq): 1.9982868650115639e-23 mol
  CuNO2[+1]: 1.4848033812391426e-23 mol
  N2(aq): 1.9241238434480836e-24 mol
  ClO3[-1]: 9.199292602789698e-27 mol
  CuCl4[-2]: 6.090740729726295e-27 mol
  ClO4[-1]: 5.2848313105223516e-27 mol
  P2H4O7(aq): 5.817600073616539e-30 mol
  ClO2[-1]: 7.946609413600532e-31 mol
  HSO5[-1]: 3.7549325461421994e-31 mol
  HClO2(aq): 9.50772934364554e-37 mol
  Cu(NO2)2(aq): 1.4883785435588802e-39 mol
volume: 1.0 l
temperature: 298.15 K
pressure: 1 atm
pH: 8.941667099702618
pE: 8.5
balance_charge: auto
solvent: H2O(aq)
default_diffusion_coeff: 1.6106e-09
log_level: ERROR
