'@module': pyEQL.solution
'@class': Solution
'@version': src
solutes:
  H2O(aq): 55.36081302565739 mol
  Na[+1]: 0.054864335974055614 mol
  SO4[-2]: 0.04315861239969588 mol
  HSO4[-1]: 0.021378400910483795 mol
  Ca[+2]: 0.019410334781890685 mol
  H[+1]: 0.01767320002590244 mol
  CaSO4(aq): 0.010639049233189785 mol
  S[-0.4]: 0.00518482077667422 mol
  NaSO4[-1]: 0.003937080249755599 mol
  Zn[+2]: 0.00014502803266135445 mol
  AsH3O4(aq): 0.00013419059190166428 mol
  ZnSO4(aq): 0.00011434674015427407 mol
  As(HO2)2[-1]: 7.122170785577945e-05 mol
  Fe[+2]: 1.067169584855542e-05 mol
  Cu[+2]: 9.644786021451939e-06 mol
  AsHO2(aq): 8.745051101734787e-06 mol
  CuSO4(aq): 8.290647520433262e-06 mol
  Cd[+2]: 7.863427664631472e-06 mol
  As(OH)3(aq): 7.624057655875475e-06 mol
  FeSO4(aq): 6.346427067291383e-06 mol
  H2SO4(aq): 2.157473408534487e-07 mol
  CdSO4(aq): 2.7424708273193578e-08 mol
  S[-0.5]: 9.64344068562515e-09 mol
  AsHO4[-2]: 2.1212994441816367e-09 mol
  H2S(aq): 2.2806529595239983e-11 mol
  CuOH[+1]: 1.6020823248036776e-11 mol
  ZnOH[+1]: 5.121767211383283e-12 mol
  OH[-1]: 9.090109530133827e-13 mol
  AsH2O3[-1]: 4.35889023860898e-13 mol
  AsO2[-1]: 4.179254189427536e-13 mol
  FeOH[+1]: 1.0867400465996906e-13 mol
  CaOH[+1]: 8.829279359487446e-14 mol
  CdOH[+1]: 1.9507734992103844e-14 mol
  S[-0.66666667]: 1.0891029660069365e-14 mol
  NaOH(aq): 4.654157754460043e-15 mol
  HS[-1]: 2.1168084944404719e-16 mol
  Cd2OH[+3]: 2.398059687566615e-18 mol
  AsO4[-3]: 1.8433292280209077e-18 mol
  Zn(OH)2(aq): 1.1194423209299027e-18 mol
  AsHS2(aq): 7.113793378809907e-20 mol
  S[-1]: 7.289388535158588e-21 mol
  AsHO3[-2]: 7.641237498091731e-22 mol
  Cd(OH)2(aq): 5.407099741755083e-23 mol
  Fe(OH)2(aq): 4.405378265960852e-23 mol
  H2(aq): 1.5864336158712437e-24 mol
  S[-2]: 4.0013426978667784e-27 mol
  Zn(OH)3[-1]: 3.234314435068324e-28 mol
  Fe(OH)3[-1]: 1.6347965871048314e-31 mol
  Cd(OH)3[-1]: 5.720643686821753e-34 mol
  CuO2[-2]: 9.440276329085776e-38 mol
  Zn(OH)4[-2]: 9.865065034647067e-39 mol
  AsH3(aq): 0.0 mol
  Cd(OH)4[-2]: 0.0 mol
  Fe(OH)4[-2]: 0.0 mol
  O2(aq): 0.0 mol
volume: 1.0006905872840004 l
temperature: 298.15 K
pressure: 1 atm
pH: 1.752984621890738
pE: 8.5
balance_charge: SO4[-2]
solvent: H2O(aq)
engine: native
default_diffusion_coeff: 1.6106e-09
log_level: ERROR
