'@module': pyEQL.solution
'@class': Solution
'@version': 1.3.2.post1.dev89+g8391a3291
solutes:
  H2O(aq): 55.39139143139797 mol
  Na[+1]: 0.05498186451432131 mol
  SO4[-2]: 0.04321182034817386 mol
  HSO4[-1]: 0.02139354132687436 mol
  Ca[+2]: 0.01944902959850466 mol
  H[+1]: 0.017673140980629568 mol
  CaSO4(aq): 0.010665636886118306 mol
  S[-0.4]: 0.0051848367880623115 mol
  NaSO4[-1]: 0.003948190608802997 mol
  Zn[+2]: 0.00014499622911755825 mol
  AsH3O4(aq): 0.0001341747899008529 mol
  ZnSO4(aq): 0.00011437934473693294 mol
  As(HO2)2[-1]: 7.125815328777355e-05 mol
  AsHO2(aq): 8.733994507500761e-06 mol
  As(OH)3(aq): 7.614401780408704e-06 mol
  H2SO4(aq): 2.1576430104317635e-07 mol
  S[-0.5]: 9.6450018064844e-09 mol
  AsHO4[-2]: 2.1240138116281104e-09 mol
  H2S(aq): 2.278924185776758e-11 mol
  ZnOH[+1]: 5.12296657108022e-12 mol
  OH[-1]: 9.100891583903174e-13 mol
  AsH2O3[-1]: 4.3561103645612966e-13 mol
  AsO2[-1]: 4.1765979734817214e-13 mol
  CaOH[+1]: 8.85089327057729e-14 mol
  S[-0.66666667]: 1.0894522473460889e-14 mol
  NaOH(aq): 4.666554583661262e-15 mol
  HS[-1]: 2.116548366586322e-16 mol
  AsO4[-3]: 1.84734001551002e-18 mol
  Zn(OH)2(aq): 1.1202870666832876e-18 mol
  AsHS2(aq): 7.086232801251348e-20 mol
  S[-1]: 7.292884176394273e-21 mol
  AsHO3[-2]: 7.642224970375495e-22 mol
  H2(aq): 1.5854424501207152e-24 mol
  S[-2]: 4.003737571923656e-27 mol
  Zn(OH)3[-1]: 3.238785736945798e-28 mol
  Zn(OH)4[-2]: 9.886263114864379e-39 mol
  AsH3(aq): 0.0 mol
  O2(aq): 0.0 mol
volume: 1.0012434962864216 l
temperature: 298.15 K
pressure: 1 atm
pH: 1.7532259661971545
pE: 8.5
charge_balance: '6.414144338078556e-06'
solvent: H2O(aq)
engine: native
