'@module': pyEQL.solution
'@class': Solution
'@version': 1.5.0
solutes:
  H2O(aq): 55.34457593619076 mol
  Na[+1]: 0.11446758404887128 mol
  Cl[-1]: 0.04028012941785543 mol
  SO4[-2]: 0.028143974216535424 mol
  NaSO4[-1]: 0.006577203522818613 mol
  HCO3[-1]: 0.005735343887192229 mol
  NO3[-1]: 0.0043359194199677 mol
  B(OH)3(aq): 0.0007267166401645956 mol
  NaHCO3(aq): 0.0005334624331028983 mol
  NaCl(aq): 0.00044810267604318045 mol
  CO3[-2]: 0.00041314316918937696 mol
  BO2[-1]: 0.0003621526110589694 mol
  O2(aq): 0.0002586052203752828 mol
  NaCO3[-1]: 5.36176704856493e-05 mol
  NaB(OH)4(aq): 4.630789484955804e-05 mol
  CO2(aq): 1.3927875969688935e-05 mol
  OH[-1]: 8.982828337679788e-06 mol
  NaOH(aq): 9.94858138092952e-08 mol
  H[+1]: 1.7415488720602755e-09 mol
  HSO4[-1]: 1.6696574366075307e-09 mol
  HCl(aq): 9.508120901589464e-12 mol
  HNO3(aq): 2.3833368989152396e-13 mol
  NO2[-1]: 1.5477536303724094e-16 mol
  B2H5O6[-1]: 1.0128436702977848e-16 mol
  ClO[-1]: 4.974952683123142e-19 mol
  HClO(aq): 1.99204415791641e-20 mol
  H2SO4(aq): 1.7008271953741117e-21 mol
  N2(aq): 3.7215725347983163e-22 mol
  HNO2(aq): 2.776152686557813e-22 mol
  ClO3[-1]: 9.381199289550456e-25 mol
  ClO4[-1]: 5.389333492950499e-25 mol
  ClO2[-1]: 8.046373141605149e-29 mol
  HSO5[-1]: 1.4858510464455157e-30 mol
  HClO2(aq): 1.2844292153277344e-34 mol
volume: 1.0 l
temperature: 298.15 K
pressure: 1 atm
pH: 8.75906433368448
pE: 8.5
balance_charge: auto
solvent: H2O(aq)
default_diffusion_coeff: 1.6106e-09
log_level: ERROR
