'@module': pyEQL.solution
'@class': Solution
'@version': 1.5.0
solutes:
  H2O(aq): 55.34457593619076 mol
  Na[+1]: 0.11446296101764446 mol
  Cl[-1]: 0.040280234373917936 mol
  SO4[-2]: 0.028343776542077505 mol
  NaSO4[-1]: 0.006620997353734954 mol
  HCO3[-1]: 0.005401012104406337 mol
  NO3[-1]: 0.004335919419952956 mol
  B(OH)3(aq): 0.0007422935460345574 mol
  NaHCO3(aq): 0.0005022560341965482 mol
  NaCl(aq): 0.000447997719392255 mol
  CO3[-2]: 0.0003664485476832188 mol
  BO2[-1]: 0.00034835002447025827 mol
  O2(aq): 0.0002585957801948224 mol
  NaCO3[-1]: 4.753836513485445e-05 mol
  NaB(OH)4(aq): 4.4533575566308734e-05 mol
  CO2(aq): 1.39273675435158e-05 mol
  OH[-1]: 8.459267562224658e-06 mol
  NaOH(aq): 9.366610880551877e-08 mol
  H[+1]: 1.8495882041249616e-09 mol
  HSO4[-1]: 1.7852082969213e-09 mol
  HCl(aq): 1.0096534833349878e-11 mol
  HNO3(aq): 2.5308240784534185e-13 mol
  NO2[-1]: 1.5477536303671416e-16 mol
  B2H5O6[-1]: 9.95128541989497e-17 mol
  ClO[-1]: 4.974868276130003e-19 mol
  HClO(aq): 2.1153226213827488e-20 mol
  H2SO4(aq): 1.9311087551883133e-21 mol
  N2(aq): 4.1964187728914523e-22 mol
  HNO2(aq): 2.947948344105883e-22 mol
  ClO3[-1]: 9.381125959961622e-25 mol
  ClO4[-1]: 5.389291366395361e-25 mol
  ClO2[-1]: 8.046236623690754e-29 mol
  HSO5[-1]: 1.5886813414213048e-30 mol
  HClO2(aq): 1.3639166400756138e-34 mol
volume: 1.0 l
temperature: 298.15 K
pressure: 1 atm
pH: 8.731641033589765
pE: 8.5
balance_charge: auto
solvent: H2O(aq)
default_diffusion_coeff: 1.6106e-09
log_level: ERROR
