'@module': pyEQL.solution
'@class': Solution
'@version': 1.5.0
solutes:
  H2O(aq): 55.34457593619076 mol
  Na[+1]: 0.05823895241596095 mol
  Cl[-1]: 0.020174388913621517 mol
  SO4[-2]: 0.017002408950629943 mol
  NaSO4[-1]: 0.0025299020581494376 mol
  NO3[-1]: 0.0021618872957627224 mol
  H[+1]: 0.002145533387074102 mol
  HSO4[-1]: 0.0015134854693480526 mol
  B(OH)3(aq): 0.0005660403769542072 mol
  O2(aq): 0.0002626387515013801 mol
  NaCl(aq): 0.00012779820557013666 mol
  CO2(aq): 1.414511257907607e-05 mol
  HCl(aq): 6.390434175485106e-06 mol
  HNO3(aq): 1.5946428229108626e-07 mol
  HCO3[-1]: 4.322554114953965e-09 mol
  H2SO4(aq): 2.0488449204181945e-09 mol
  NaHCO3(aq): 2.2672237474735213e-10 mol
  BO2[-1]: 2.1190979302311316e-10 mol
  N2(aq): 1.6634259299320275e-10 mol
  NaB(OH)4(aq): 1.533111626792965e-11 mol
  OH[-1]: 6.739135781087153e-12 mol
  NaOH(aq): 4.228162764774399e-14 mol
  HClO(aq): 1.3388583504124758e-14 mol
  CO3[-2]: 2.1094239737635837e-16 mol
  HNO2(aq): 1.8574679722952967e-16 mol
  NO2[-1]: 7.717092008360435e-17 mol
  NaCO3[-1]: 1.7147486333038144e-17 mol
  ClO[-1]: 2.5160925307177264e-19 mol
  B2H5O6[-1]: 4.6243948321555473e-23 mol
  HSO5[-1]: 1.3468714714199446e-24 mol
  ClO3[-1]: 4.722871683273252e-25 mol
  ClO4[-1]: 2.7132064632635835e-25 mol
  HClO2(aq): 8.63268403775744e-29 mol
  ClO2[-1]: 4.06946973177041e-29 mol
  S2O8[-2]: 2.109903908420472e-34 mol
volume: 1.0 l
temperature: 298.15 K
pressure: 1 atm
pH: 2.668464722935443
pE: 8.5
balance_charge: auto
solvent: H2O(aq)
default_diffusion_coeff: 1.6106e-09
log_level: ERROR
