'@module': pyEQL.solution
'@class': Solution
'@version': 1.5.0
solutes:
  H2O(aq): 55.34457593619076 mol
  Na[+1]: 0.11449439125380398 mol
  Cl[-1]: 0.04026436905387854 mol
  SO4[-2]: 0.03126414571817983 mol
  NaSO4[-1]: 0.00718761437558025 mol
  NO3[-1]: 0.00433542758400787 mol
  HSO4[-1]: 0.0037717551073144324 mol
  H[+1]: 0.0035930679451906785 mol
  B(OH)3(aq): 0.0011351768353484782 mol
  NaCl(aq): 0.0004443719465681238 mol
  O2(aq): 0.0002582014576787285 mol
  HCl(aq): 1.949110292613132e-05 mol
  CO2(aq): 1.3906130249511318e-05 mol
  HNO3(aq): 4.887062006794154e-07 mol
  H2SO4(aq): 7.885818259782679e-09 mol
  HCO3[-1]: 2.794000066690632e-09 mol
  N2(aq): 1.5649984162567359e-09 mol
  BO2[-1]: 2.756463218333231e-10 mol
  NaHCO3(aq): 2.5802906525097447e-10 mol
  NaB(OH)4(aq): 3.499034334227833e-11 mol
  OH[-1]: 4.377717085855771e-12 mol
  NaOH(aq): 4.812003610757256e-14 mol
  HClO(aq): 4.08357635722278e-14 mol
  HNO2(aq): 5.692535673706972e-16 mol
  NO2[-1]: 1.5475780641732413e-16 mol
  CO3[-2]: 9.883737112528046e-17 mol
  NaCO3[-1]: 1.263578615645647e-17 mol
  ClO[-1]: 4.9688994944271675e-19 mol
  B2H5O6[-1]: 1.2042003531186788e-22 mol
  HSO5[-1]: 3.356536586646304e-24 mol
  ClO3[-1]: 9.373402402786349e-25 mol
  ClO4[-1]: 5.384854319053863e-25 mol
  HClO2(aq): 2.633006279200503e-28 mol
  ClO2[-1]: 8.036582854531421e-29 mol
  S2O8[-2]: 1.4958155483971442e-33 mol
volume: 1.0 l
temperature: 298.15 K
pressure: 1 atm
pH: 2.4445345701757066
pE: 8.5
balance_charge: auto
solvent: H2O(aq)
default_diffusion_coeff: 1.6106e-09
log_level: ERROR
