'@module': pyEQL.solution
'@class': Solution
'@version': 1.4.0rc12.dev164+gdf2936156
solutes:
  H2O(aq): 55.34457593619076 mol
  Na[+1]: 0.056955977329671864 mol
  SO4[-2]: 0.030175065937919906 mol
  NH4[+1]: 0.027573156961642857 mol
  Cl[-1]: 0.020192016613200685 mol
  NH3(aq): 0.007406029292487816 mol
  NaSO4[-1]: 0.003813551415637211 mol
  B(OH)3(aq): 0.0003846522690546086 mol
  BO2[-1]: 0.00017011292881894145 mol
  NaCl(aq): 0.00011651671421994037 mol
  CO(aq): 5.3810142443134234e-05 mol
  NaB(OH)4(aq): 1.1260366777861835e-05 mol
  OH[-1]: 7.971206238372831e-06 mol
  SeO4[-2]: 7.915378742675891e-06 mol
  Fe[+2]: 6.934335866122721e-06 mol
  FeSO4(aq): 4.323102688392985e-06 mol
  Ca[+2]: 3.235428231647633e-06 mol
  CaSO4(aq): 1.8590727603425388e-06 mol
  Tl[+1]: 9.07608400490645e-08 mol
  NaOH(aq): 4.569763847570292e-08 mol
  FeCl[+1]: 3.8803999808776894e-08 mol
  Hg[+1]: 3.4629221737423456e-08 mol
  VHO4[-2]: 2.1063223768084718e-08 mol
  CaB(OH)4[+1]: 1.5039543513504507e-08 mol
  CaCl[+1]: 5.267474968138984e-09 mol
  Fe(OH)2(aq): 2.678069701435683e-09 mol
  HSO4[-1]: 2.109276596976002e-09 mol
  H[+1]: 1.907977428097676e-09 mol
  V(HO2)2[-1]: 1.130119139319155e-09 mol
  Fe(OH)3[-1]: 8.749384207786159e-11 mol
  CaCl2(aq): 7.211587563495476e-11 mol
  Hg[+2]: 3.713457328590711e-11 mol
  SeO3[-2]: 2.069974326692892e-11 mol
  HCl(aq): 5.386705337121196e-12 mol
  VO4[-3]: 2.9196341403932953e-12 mol
  FeCl2(aq): 2.4237006546752598e-12 mol
  NH4SO4[-1]: 1.350907732030458e-12 mol
  HSeO4[-1]: 4.658403337504275e-13 mol
  HSeO3[-1]: 2.9437466143390116e-13 mol
  VH3O4(aq): 1.373661077708321e-14 mol
  FeCl4[-2]: 4.817890460946729e-15 mol
  Fe(OH)4[-2]: 1.26118134673168e-16 mol
  B2H5O6[-1]: 2.5209553515668083e-17 mol
  O2(aq): 1.546971687063979e-17 mol
  H2SeO3(aq): 1.359359085968473e-19 mol
  VO2[+1]: 5.69249005895897e-20 mol
  VSO6[-1]: 2.1932993281121568e-20 mol
  H2SO4(aq): 2.4188654167250887e-21 mol
  ClO[-1]: 6.103430108879975e-26 mol
  HClO(aq): 2.751245457681625e-27 mol
  VSO5(aq): 8.741225368986367e-29 mol
  VO[+2]: 8.186386878199618e-29 mol
  Tl[+3]: 3.427955836650291e-33 mol
  V(OH)2[+1]: 8.844620404260402e-38 mol
  H2(aq): 1.9332392606900633e-38 mol
volume: 1.0 l
temperature: 298.15 K
pressure: 1 atm
pH: 8.719426767425745
pE: 8.5
balance_charge: auto
solvent: H2O(aq)
default_diffusion_coeff: 1.6106e-09
log_level: ERROR
