'@module': pyEQL.solution
'@class': Solution
'@version': 1.5.0
solutes:
  H2O(aq): 55.34457593619076 mol
  Na[+1]: 0.11383538533349849 mol
  Cl[-1]: 0.04028729366749695 mol
  SO4[-2]: 0.03430457872388663 mol
  NaSO4[-1]: 0.00780027291725452 mol
  NH4[+1]: 0.0032660133425532864 mol
  NH3(aq): 0.001069906077490311 mol
  B(OH)3(aq): 0.0006911224311497568 mol
  NaCl(aq): 0.00044093842762071156 mol
  BO2[-1]: 0.0003943857217356648 mol
  NaB(OH)4(aq): 4.966899308999595e-05 mol
  OH[-1]: 1.0290014382496577e-05 mol
  NaOH(aq): 1.1218631595288038e-07 mol
  HSO4[-1]: 1.7557276293548474e-09 mol
  H[+1]: 1.5312455332021617e-09 mol
  HCl(aq): 8.295763395690194e-12 mol
  NH4SO4[-1]: 1.6244618852235162e-13 mol
  B2H5O6[-1]: 1.0491202072700177e-16 mol
  O2(aq): 3.845019088073465e-17 mol
  H2SO4(aq): 1.5618833553361024e-21 mol
  ClO[-1]: 1.9185953072274243e-25 mol
  HClO(aq): 6.708910876187068e-27 mol
  H2(aq): 1.2092682439053066e-38 mol
volume: 1.0 l
temperature: 298.15 K
pressure: 1 atm
pH: 8.814955165170401
pE: 8.5
balance_charge: auto
solvent: H2O(aq)
default_diffusion_coeff: 1.6106e-09
log_level: ERROR
