'@module': pyEQL.solution
'@class': Solution
'@version': 1.5.0
solutes:
  H2O(aq): 55.34457593619076 mol
  Na[+1]: 0.11447533623034811 mol
  Cl[-1]: 0.04027996389210288 mol
  SO4[-2]: 0.027826728376588096 mol
  NaSO4[-1]: 0.006507527856488036 mol
  HCO3[-1]: 0.006258541737319799 mol
  NO3[-1]: 0.00433591941998762 mol
  B(OH)3(aq): 0.0007036088424510163 mol
  NaHCO3(aq): 0.0005823264141464854 mol
  CO3[-2]: 0.0004918150282253341 mol
  NaCl(aq): 0.00044826820259037317 mol
  BO2[-1]: 0.0003826261744284081 mol
  O2(aq): 0.0002586199206970393 mol
  NaCO3[-1]: 6.386830113426793e-05 mol
  NaB(OH)4(aq): 4.8942129197663466e-05 mol
  CO2(aq): 1.3928667694843723e-05 mol
  OH[-1]: 9.802133401562297e-06 mol
  NaOH(aq): 1.085984947000701e-07 mol
  H[+1]: 1.595645086593607e-09 mol
  HSO4[-1]: 1.5133465748551258e-09 mol
  HCl(aq): 8.713474379424292e-12 mol
  HNO3(aq): 2.1841571601163635e-13 mol
  NO2[-1]: 1.5477536303795235e-16 mol
  B2H5O6[-1]: 1.0360686883415606e-16 mol
  ClO[-1]: 4.975083704160639e-19 mol
  HClO(aq): 1.8255579532844427e-20 mol
  H2SO4(aq): 1.4127211238948282e-21 mol
  N2(aq): 3.1255357313258366e-22 mol
  HNO2(aq): 2.544144627929559e-22 mol
  ClO3[-1]: 9.381312825700245e-25 mol
  ClO4[-1]: 5.389398717465599e-25 mol
  ClO2[-1]: 8.046585051993507e-29 mol
  HSO5[-1]: 1.3467478673062524e-30 mol
  HClO2(aq): 1.1770823252858812e-34 mol
volume: 1.0 l
temperature: 298.15 K
pressure: 1 atm
pH: 8.797063700751412
pE: 8.5
balance_charge: auto
solvent: H2O(aq)
default_diffusion_coeff: 1.6106e-09
log_level: ERROR
