'@module': pyEQL.solution
'@class': Solution
'@version': 1.5.1.dev50+geb84b2d8f
solutes:
  H2O(aq): 55.34457593619076 mol
  Na[+1]: 0.11445194188293113 mol
  Cl[-1]: 0.04028051010660468 mol
  SO4[-2]: 0.02886354937315085 mol
  NaSO4[-1]: 0.0067345923473334625 mol
  HCO3[-1]: 0.004512979477803483 mol
  NO3[-1]: 0.004335919419903171 mol
  B(OH)3(aq): 0.0007871010490630236 mol
  NaCl(aq): 0.00044772198471922087 mol
  NaHCO3(aq): 0.0004194360880285527 mol
  BO2[-1]: 0.0003086408477629724 mol
  O2(aq): 0.00025857051767092784 mol
  CO3[-2]: 0.00025598023721524864 mol
  NaB(OH)4(aq): 3.943524924769698e-05 mol
  NaCO3[-1]: 3.3171960992972154e-05 mol
  CO2(aq): 1.392600696270854e-05 mol
  OH[-1]: 7.068570894364236e-06 mol
  NaOH(aq): 7.822095422126727e-08 mol
  HSO4[-1]: 2.17439328843727e-09 mol
  H[+1]: 1.8239421779549678e-09 mol
  HCl(aq): 1.2082763338158833e-11 mol
  HNO3(aq): 3.0286766271441983e-13 mol
  NO2[-1]: 1.5477536303493863e-16 mol
  B2H5O6[-1]: 9.34924747470598e-17 mol
  ClO[-1]: 4.974641404008402e-19 mol
  HClO(aq): 2.5314568849500662e-20 mol
  H2SO4(aq): 2.8149433693791687e-21 mol
  N2(aq): 6.009782887316472e-22 mol
  HNO2(aq): 3.527855738308783e-22 mol
  ClO3[-1]: 9.380928153275381e-25 mol
  ClO4[-1]: 5.389177729943908e-25 mol
  ClO2[-1]: 8.045869685980567e-29 mol
  HSO5[-1]: 1.9350224017048e-30 mol
  HClO2(aq): 1.6322314781281283e-34 mol
volume: 1.0 l
temperature: 298.15 K
pressure: 1 atm
pH: 8.823212695835387
pE: 8.5
balance_charge: auto
solvent: H2O(aq)
default_diffusion_coeff: 1.6106e-09
log_level: ERROR
