'@module': pyEQL.solution
'@class': Solution
'@version': src
solutes:
  H2O(aq): 55.34457593619076 mol
  Na[+1]: 0.05695617179838014 mol
  SO4[-2]: 0.03017193590778642 mol
  NH4[+1]: 0.027573083549847922 mol
  Cl[-1]: 0.020192019162342444 mol
  NH3(aq): 0.0074061027042828555 mol
  NaSO4[-1]: 0.0038133534862859904 mol
  B(OH)3(aq): 0.0003846635114439801 mol
  BO2[-1]: 0.0001701162490540648 mol
  NaCl(aq): 0.00011651957521288152 mol
  CO(aq): 5.3810142443134234e-05 mol
  NaB(OH)4(aq): 1.1260843696901595e-05 mol
  OH[-1]: 7.971124090412213e-06 mol
  SeO4[-2]: 7.91537874265323e-06 mol
  Fe[+2]: 6.934386609549534e-06 mol
  FeSO4(aq): 4.323029959225247e-06 mol
  NaOH(aq): 4.569823830207327e-08 mol
  FeCl[+1]: 3.8805571470013145e-08 mol
  Fe(OH)2(aq): 2.6781735668164213e-09 mol
  HSO4[-1]: 2.1091397402716094e-09 mol
  H[+1]: 1.9079690446601977e-09 mol
  Fe(OH)3[-1]: 8.749641098136309e-11 mol
  SeO3[-2]: 2.069974029692757e-11 mol
  HCl(aq): 5.386767670478873e-12 mol
  FeCl2(aq): 2.4238500543465123e-12 mol
  NH4SO4[-1]: 1.3508334706751021e-12 mol
  HSeO4[-1]: 4.658554184397301e-13 mol
  HSeO3[-1]: 2.943841515404589e-13 mol
  FeCl4[-2]: 4.818096842094112e-15 mol
  Fe(OH)4[-2]: 1.2611777181393765e-16 mol
  B2H5O6[-1]: 2.5210785992930927e-17 mol
  O2(aq): 1.5469768896244233e-17 mol
  H2SeO3(aq): 1.3594159131748199e-19 mol
  H2SO4(aq): 2.418731610046542e-21 mol
  ClO[-1]: 6.103443226677529e-26 mol
  HClO(aq): 2.7512776890244084e-27 mol
  H2(aq): 1.9332452075384914e-38 mol
volume: 1.0 l
temperature: 298.15 K
pressure: 1 atm
pH: 8.719428675670875
pE: 8.5
balance_charge: auto
solvent: H2O(aq)
default_diffusion_coeff: 1.6106e-09
log_level: ERROR
