'@module': pyEQL.solution
'@class': Solution
'@version': 1.3.2.post1.dev89+g8391a3291
solutes:
  H2O(aq): 55.33385719406224 mol
  Na[+1]: 0.03849195147438811 mol
  Cl[-1]: 0.01963126521846032 mol
  SO4[-2]: 0.008868082211436562 mol
  S[-0.4]: 0.00593070383366762 mol
  NaSO4[-1]: 0.0012036280230650342 mol
  AlO2[-1]: 0.00015570101180919198 mol
  NaCl(aq): 0.00011048974634156768 mol
  Al13(H6O7)4[+7]: 3.314127617907354e-05 mol
  AlHO2(aq): 5.253295303524817e-06 mol
  Ba[+2]: 1.5685061991098553e-06 mol
  NaAlO2(aq): 9.65808036129724e-07 mol
  OH[-1]: 8.35925801756399e-07 mol
  Al(OH)2[+1]: 6.480999631676164e-08 mol
  H[+1]: 1.6949993751821518e-08 mol
  S[-0.5]: 1.0001916698907212e-08 mol
  HSO4[-1]: 6.540906556432585e-09 mol
  NaOH(aq): 4.654974817763486e-09 mol
  BaCl[+1]: 4.3798647775579176e-09 mol
  AlOH[+2]: 7.726393416274807e-10 mol
  HCl(aq): 5.018786179311697e-11 mol
  BaOH[+1]: 1.970764509392543e-12 mol
  Al[+3]: 1.9453774532835262e-12 mol
  AlSO4[+1]: 1.9197016007853338e-12 mol
  Al(SO4)2[-1]: 5.391301702685608e-13 mol
  S[-0.66666667]: 1.0242333007841267e-14 mol
  Al3(OH)4[+5]: 3.337621166314806e-18 mol
  H2SO4(aq): 7.132434442215974e-20 mol
  S[-1]: 6.215839357483458e-21 mol
  O2(aq): 2.2974359553272522e-21 mol
  HS[-1]: 2.1286148106013833e-22 mol
  H2S(aq): 2.4963015200069777e-23 mol
  S[-2]: 3.251358109752127e-27 mol
  ClO[-1]: 7.246549831872826e-28 mol
  HClO(aq): 3.1060491108728226e-28 mol
  H2(aq): 1.6154203931917253e-36 mol
  ClO2[-1]: 0.0 mol
  ClO3[-1]: 0.0 mol
  ClO4[-1]: 0.0 mol
  HClO2(aq): 0.0 mol
volume: 1.000795599578788 l
temperature: 298.15 K
pressure: 1 atm
pH: 7.771175844682497
pE: 8.5
charge_balance: '-4.356819267667991e-07'
solvent: H2O(aq)
engine: native
