'@module': pyEQL.solution
'@class': Solution
'@version': 1.5.0
solutes:
  H2O(aq): 55.34457593619076 mol
  Na[+1]: 0.024646803924840786 mol
  Cl[-1]: 0.024048183288539474 mol
  SiO2(aq): 0.0015827891214799026 mol
  K[+1]: 0.0015784431543719411 mol
  HCO3[-1]: 0.001145068910316221 mol
  SO4[-2]: 0.0009658294672685412 mol
  Li[+1]: 0.00035888835721680987 mol
  Ca[+2]: 0.0002607814349823356 mol
  B(OH)3(aq): 0.00018551866733980505 mol
  F[-1]: 0.00014315439830505055 mol
  CO2(aq): 0.0001323992855127565 mol
  NH4[+1]: 0.00010282173689010206 mol
  NaSO4[-1]: 8.231812581257187e-05 mol
  Mg[+2]: 7.675148080031896e-05 mol
  NaCl(aq): 7.519507436973822e-05 mol
  NaHCO3(aq): 2.936724294917051e-05 mol
  CaSO4(aq): 1.0612942043928453e-05 mol
  KSO4[-1]: 6.3904893852095e-06 mol
  MgSO4(aq): 5.9799697148908664e-06 mol
  SiHO3[-1]: 3.601567129658577e-06 mol
  NaSiHO3(aq): 3.0424961500213434e-06 mol
  BO2[-1]: 1.9854636440943486e-06 mol
  CaHCO3[+1]: 1.9559885940150335e-06 mol
  CO3[-2]: 1.3876257029936206e-06 mol
  LiSO4[-1]: 1.0829768923632025e-06 mol
  KCl(aq): 9.129723592952468e-07 mol
  NH3(aq): 8.456493499290019e-07 mol
  MgCl[+1]: 8.276411591784125e-07 mol
  CaCl[+1]: 7.290279177104248e-07 mol
  MgHCO3[+1]: 5.908603753060404e-07 mol
  NaF(aq): 2.7350032793324955e-07 mol
  CaCO3(aq): 2.4546361271001775e-07 mol
  LiCl(aq): 2.0719406757657864e-07 mol
  OH[-1]: 1.921002060040882e-07 mol
  MgF[+1]: 1.5291156196659902e-07 mol
  CaF[+1]: 1.0449523909752169e-07 mol
  NaB(OH)4(aq): 7.035471090165564e-08 mol
  H[+1]: 6.687774234037544e-08 mol
  NaCO3[-1]: 6.354851536614915e-08 mol
  MgCO3(aq): 3.453096886621007e-08 mol
  CaB(OH)4[+1]: 2.0151891472757466e-08 mol
  CaCl2(aq): 1.4884940254336285e-08 mol
  MgB(OH)4[+1]: 7.390443130650762e-09 mol
  HSO4[-1]: 3.5201102206282734e-09 mol
  NaOH(aq): 5.919909755820528e-10 mol
  HCl(aq): 2.687702800700293e-10 mol
  LiOH(aq): 1.2043296083382504e-10 mol
  Si2H7O8[-1]: 7.956220310282498e-11 mol
  KOH(aq): 7.846987868302525e-11 mol
  Si(HO2)2[-2]: 9.573062422354135e-12 mol
  BH2(OF)2[-1]: 7.894771429672773e-13 mol
  HF2[-1]: 3.8040473186419835e-13 mol
  KHSO4(aq): 2.827612003105792e-13 mol
  HF(aq): 3.006969775527407e-16 mol
  NH4SO4[-1]: 2.57426534039797e-16 mol
  BOHF3[-1]: 2.4178440308661436e-17 mol
  SiH3O4[-1]: 8.158161974106925e-18 mol
  H2SO4(aq): 1.6655241890577304e-19 mol
  B2H5O6[-1]: 1.421304978996127e-19 mol
  BF4[-1]: 1.1506420020211765e-23 mol
  O2(aq): 8.313668769877451e-24 mol
  HClO(aq): 9.960142498901865e-29 mol
  ClO[-1]: 5.355421750086184e-29 mol
  SiF6[-2]: 2.9087480325057253e-29 mol
  H2(aq): 2.724203713991212e-35 mol
volume: 1.0 l
temperature: 298.15 K
pressure: 1 atm
pH: 7.17471839623989
pE: 8.5
balance_charge: auto
solvent: H2O(aq)
default_diffusion_coeff: 1.6106e-09
log_level: ERROR
