'@module': pyEQL.solution
'@class': Solution
'@version': 1.5.0
solutes:
  H2O(aq): 55.34457593619076 mol
  Na[+1]: 0.025685074580312234 mol
  Cl[-1]: 0.025061533514763274 mol
  K[+1]: 0.0016460992915526861 mol
  SiO2(aq): 0.0016055872680979665 mol
  SO4[-2]: 0.0010043888388005457 mol
  HCO3[-1]: 0.0009423530608051324 mol
  Li[+1]: 0.00037428084174735655 mol
  Ca[+2]: 0.00027065783985090697 mol
  O2(aq): 0.00026565567965973355 mol
  B(OH)3(aq): 0.0001802340332418374 mol
  F[-1]: 0.0001493023475658192 mol
  NO3[-1]: 9.056156033473079e-05 mol
  NaSO4[-1]: 8.8319586420152e-05 mol
  NaCl(aq): 8.12480971969402e-05 mol
  Mg[+2]: 7.978290873413105e-05 mol
  SiHO3[-1]: 2.7815534105830185e-05 mol
  NaHCO3(aq): 2.5064105112012585e-05 mol
  NaSiHO3(aq): 2.4368732005483322e-05 mol
  BO2[-1]: 1.4686863589635793e-05 mol
  CO2(aq): 1.4307597315996991e-05 mol
  CaSO4(aq): 1.124535700004077e-05 mol
  CO3[-2]: 8.735890746279865e-06 mol
  KSO4[-1]: 6.859523740847185e-06 mol
  MgSO4(aq): 6.3542849145727675e-06 mol
  CaHCO3[+1]: 1.6566931110026824e-06 mol
  CaCO3(aq): 1.575264676623286e-06 mol
  OH[-1]: 1.4627416506983616e-06 mol
  LiSO4[-1]: 1.1632584606053622e-06 mol
  KCl(aq): 9.869149500744799e-07 mol
  MgCl[+1]: 8.899853376386425e-07 mol
  CaCl[+1]: 7.817262336087252e-07 mol
  NaB(OH)4(aq): 5.396776140272413e-07 mol
  MgHCO3[+1]: 5.01869564525716e-07 mol
  NaCO3[-1]: 4.129485254441246e-07 mol
  NaF(aq): 2.957838292065657e-07 mol
  LiCl(aq): 2.2412824946278006e-07 mol
  MgCO3(aq): 2.2223139955112272e-07 mol
  MgF[+1]: 1.6457879041252814e-07 mol
  CaB(OH)4[+1]: 1.5340649870704738e-07 mol
  CaF[+1]: 1.1215013504994884e-07 mol
  CaNO3[+1]: 6.679638552408354e-08 mol
  MgB(OH)4[+1]: 5.641942638432162e-08 mol
  CaCl2(aq): 1.654859803777869e-08 mol
  H[+1]: 8.819023442994003e-09 mol
  Si2H7O8[-1]: 4.907510839765129e-09 mol
  NaOH(aq): 4.67422397481046e-09 mol
  LiOH(aq): 9.51996327559667e-10 mol
  KOH(aq): 6.198629896413226e-10 mol
  Si(HO2)2[-2]: 5.658205150567481e-10 mol
  HSO4[-1]: 4.783098519263076e-10 mol
  HCl(aq): 3.677871579143918e-11 mol
  BH2(OF)2[-1]: 1.0955143314878334e-13 mol
  HF2[-1]: 5.43326854957285e-14 mol
  KHSO4(aq): 3.9863752579661373e-14 mol
  HNO3(aq): 3.0948044424407623e-14 mol
  SiH3O4[-1]: 2.992596008878031e-14 mol
  HF(aq): 5.640827774767286e-18 mol
  NO2[-1]: 3.2326934659988256e-18 mol
  B2H5O6[-1]: 1.0213738514951023e-18 mol
  BOHF3[-1]: 4.595459341430371e-19 mol
  ClO[-1]: 3.154499308153464e-19 mol
  HClO(aq): 7.705500033740299e-20 mol
  H2SO4(aq): 2.9723676431242177e-21 mol
  HNO2(aq): 3.6048825791953485e-23 mol
  N2(aq): 6.260477681085572e-24 mol
  ClO3[-1]: 5.895222335578736e-25 mol
  ClO4[-1]: 3.386701230930556e-25 mol
  BF4[-1]: 2.9954564658307154e-26 mol
  ClO2[-1]: 5.102014054212862e-29 mol
  HSO5[-1]: 4.256544956035555e-31 mol
  SiF6[-2]: 1.135099297726524e-32 mol
  HClO2(aq): 4.968348378580768e-34 mol
volume: 1.0 l
temperature: 298.15 K
pressure: 1 atm
pH: 8.054579502940717
pE: 8.5
balance_charge: auto
solvent: H2O(aq)
default_diffusion_coeff: 1.6106e-09
log_level: ERROR
