'@module': pyEQL.solution
'@class': Solution
'@version': src
solutes:
  H2O(aq): 55.34457593619076 mol
  Na[+1]: 0.024609945845847574 mol
  Cl[-1]: 0.02132157644295803 mol
  HCO3[-1]: 0.0028029392645958335 mol
  SiO2(aq): 0.0015827953057762601 mol
  K[+1]: 0.0015783466612881943 mol
  SO4[-2]: 0.0009809636411221663 mol
  CO2(aq): 0.0003253056724604364 mol
  NaSO4[-1]: 8.466579144879351e-05 mol
  NaHCO3(aq): 7.226996599910651e-05 mol
  NaCl(aq): 6.704836664329198e-05 mol
  KSO4[-1]: 6.584445069462956e-06 mol
  SiHO3[-1]: 3.589441192932622e-06 mol
  CO3[-2]: 3.3627520776219245e-06 mol
  NaSiHO3(aq): 3.0484422783460466e-06 mol
  KCl(aq): 8.155094561749376e-07 mol
  OH[-1]: 1.914209477123046e-07 mol
  NaCO3[-1]: 1.5585430472462216e-07 mol
  H[+1]: 6.672918626515582e-08 mol
  HSO4[-1]: 3.6135779836186157e-09 mol
  NaOH(aq): 5.931456206519521e-10 mol
  HCl(aq): 2.391931422285775e-10 mol
  KOH(aq): 7.876291587961194e-11 mol
  Si2H7O8[-1]: 7.847347762902906e-11 mol
  Si(HO2)2[-2]: 9.440009298206411e-12 mol
  KHSO4(aq): 2.923385973413522e-13 mol
  SiH3O4[-1]: 7.710696020464907e-18 mol
  H2SO4(aq): 1.7155895612049726e-19 mol
  O2(aq): 8.317256700681781e-24 mol
  HClO(aq): 8.864371421651827e-29 mol
  ClO[-1]: 4.7500129093223e-29 mol
  H2(aq): 2.7251922368704546e-35 mol
volume: 1.0 l
temperature: 298.15 K
pressure: 1 atm
pH: 7.17568417115863
pE: 8.5
balance_charge: auto
solvent: H2O(aq)
default_diffusion_coeff: 1.6106e-09
log_level: ERROR
