'@module': pyEQL.solution
'@class': Solution
'@version': 1.5.0
solutes:
  H2O(aq): 55.34457593619076 mol
  Cl[-1]: 0.025955496343780568 mol
  Na[+1]: 0.025724414655956124 mol
  SiO2(aq): 0.0016493943156717676 mol
  K[+1]: 0.0016460690228387175 mol
  SO4[-2]: 0.0010041539682214655 mol
  Li[+1]: 0.0003742743763151723 mol
  Ca[+2]: 0.0002735683229898875 mol
  O2(aq): 0.000265653030345546 mol
  B(OH)3(aq): 0.00019308136070279782 mol
  F[-1]: 0.00014929150793996975 mol
  HCO3[-1]: 0.00014751100430221314 mol
  NO3[-1]: 9.056086283743927e-05 mol
  NaSO4[-1]: 8.840308214122782e-05 mol
  NaCl(aq): 8.42600835798552e-05 mol
  Mg[+2]: 8.038684752521978e-05 mol
  CO2(aq): 1.430745463009362e-05 mol
  CaSO4(aq): 1.1356285815170343e-05 mol
  KSO4[-1]: 6.855321768998891e-06 mol
  MgSO4(aq): 6.397040895931462e-06 mol
  SiHO3[-1]: 4.472897685971699e-06 mol
  NaHCO3(aq): 3.928744728359173e-06 mol
  NaSiHO3(aq): 3.92396681762975e-06 mol
  BO2[-1]: 2.462891206841731e-06 mol
  LiSO4[-1]: 1.1625742513389845e-06 mol
  KCl(aq): 1.0219082732769545e-06 mol
  MgCl[+1]: 9.284695104093956e-07 mol
  CaCl[+1]: 8.180693191881254e-07 mol
  NaF(aq): 2.9616373314851867e-07 mol
  CaHCO3[+1]: 2.6204169881764885e-07 mol
  LiCl(aq): 2.3208089248567885e-07 mol
  OH[-1]: 2.2897088117323056e-07 mol
  CO3[-2]: 2.140926399005554e-07 mol
  MgF[+1]: 1.6577056700181286e-07 mol
  CaF[+1]: 1.1331410724295918e-07 mol
  NaB(OH)4(aq): 9.062327849098623e-08 mol
  MgHCO3[+1]: 7.913499426695557e-08 mol
  CaNO3[+1]: 6.74937160602036e-08 mol
  H[+1]: 5.634681481826704e-08 mol
  CaCO3(aq): 3.899596121500512e-08 mol
  CaB(OH)4[+1]: 2.599416405991196e-08 mol
  CaCl2(aq): 1.7932491860702195e-08 mol
  NaCO3[-1]: 1.0132330047532693e-08 mol
  MgB(OH)4[+1]: 9.53037830931422e-09 mol
  MgCO3(aq): 5.484296077264845e-09 mol
  HSO4[-1]: 3.0543378387785904e-09 mol
  NaOH(aq): 7.326745845557956e-10 mol
  HCl(aq): 2.433338983088001e-10 mol
  LiOH(aq): 1.4899475523993724e-10 mol
  Si2H7O8[-1]: 1.3394303935383903e-10 mol
  KOH(aq): 9.701096287244223e-11 mol
  Si(HO2)2[-2]: 1.4245251381659519e-11 mol
  BH2(OF)2[-1]: 7.496253709327869e-13 mol
  HF2[-1]: 3.470426169326295e-13 mol
  KHSO4(aq): 2.5450730904246855e-13 mol
  HNO3(aq): 1.9770343875871564e-13 mol
  HF(aq): 2.301720989527238e-16 mol
  BOHF3[-1]: 2.0086810481507472e-17 mol
  SiH3O4[-1]: 2.0031808398900805e-17 mol
  NO2[-1]: 3.232668568073802e-18 mol
  HClO(aq): 5.098082739650829e-19 mol
  ClO[-1]: 3.2669936441805003e-19 mol
  B2H5O6[-1]: 1.8348638419321024e-19 mol
  H2SO4(aq): 1.2125466916013412e-19 mol
  N2(aq): 2.554880083664609e-22 mol
  HNO2(aq): 2.3028843840815648e-22 mol
  BF4[-1]: 8.36374738016742e-24 mol
  ClO3[-1]: 6.105481158386116e-25 mol
  ClO4[-1]: 3.5074912153418655e-25 mol
  ClO2[-1]: 5.283959785487864e-29 mol
  SiF6[-2]: 1.9415952091688487e-29 mol
  HSO5[-1]: 2.7180971224662383e-30 mol
  HClO2(aq): 3.287139186620583e-33 mol
volume: 1.0 l
temperature: 298.15 K
pressure: 1 atm
pH: 7.249130628791746
pE: 8.5
balance_charge: auto
solvent: H2O(aq)
default_diffusion_coeff: 1.6106e-09
log_level: ERROR
