'@module': pyEQL.solution
'@class': Solution
'@version': src
solutes:
  H2O(aq): 55.32398149027396 mol
  Na[+1]: 0.02251570527136048 mol
  Cl[-1]: 0.022047859181220535 mol
  K[+1]: 0.001565367243098187 mol
  SO4[-2]: 0.0009698827383547793 mol
  SiO2(aq): 0.0007055058545021178 mol
  HCO3[-1]: 0.0006292177340245358 mol
  Ca[+2]: 0.00030894538202745327 mol
  S[-0.4]: 0.00021444077693679622 mol
  CO2(aq): 9.420398343723335e-05 mol
  NaSO4[-1]: 7.73334685636994e-05 mol
  NaCl(aq): 6.25182342340603e-05 mol
  NaHCO3(aq): 1.491593484783703e-05 mol
  CaSO4(aq): 1.3186709752308567e-05 mol
  KSO4[-1]: 6.521007644989706e-06 mol
  CaHCO3[+1]: 1.2991247891949489e-06 mol
  SiHO3[-1]: 1.2405486870223567e-06 mol
  Sr[+2]: 1.072584122114347e-06 mol
  NaSiHO3(aq): 9.686576381306313e-07 mol
  KCl(aq): 8.244864360884185e-07 mol
  CaCl[+1]: 7.926084901380692e-07 mol
  CO3[-2]: 5.82702146983414e-07 mol
  OH[-1]: 1.4835153450071435e-07 mol
  CaCO3(aq): 1.274085673139028e-07 mol
  H[+1]: 8.571287492868911e-08 mol
  SrSO4(aq): 6.102896544122661e-08 mol
  NaCO3[-1]: 2.4939530894492216e-08 mol
  CaCl2(aq): 1.4728347461317934e-08 mol
  SrCl[+1]: 7.525457242470751e-09 mol
  HSO4[-1]: 4.630359784162822e-09 mol
  S[-0.5]: 6.651776372231098e-10 mol
  NaOH(aq): 4.226843363353068e-10 mol
  CaOH[+1]: 3.7760922748603587e-10 mol
  HCl(aq): 3.128851948993355e-10 mol
  SrCO3(aq): 1.506644506100166e-10 mol
  KOH(aq): 6.085729222864206e-11 mol
  Si(HO2)2[-2]: 2.5175763939696144e-12 mol
  Si2H7O8[-1]: 1.856312803103389e-12 mol
  SrOH[+1]: 4.645324929401444e-13 mol
  KHSO4(aq): 3.734262456987224e-13 mol
  S[-0.66666667]: 1.252871616719007e-15 mol
  H2SO4(aq): 2.8353968341836285e-19 mol
  SiH3O4[-1]: 1.0706693437390511e-19 mol
  S[-1]: 1.3984944025526003e-21 mol
  HS[-1]: 5.679652233734901e-22 mol
  H2S(aq): 3.7548950731630685e-22 mol
  O2(aq): 3.0327282368781466e-24 mol
  S[-2]: 1.3828543391876217e-27 mol
  HClO(aq): 7.00230485210284e-29 mol
  ClO[-1]: 2.9091405916636453e-29 mol
  H2(aq): 4.5124712169822046e-35 mol
  ClO2[-1]: 0.0 mol
  ClO3[-1]: 0.0 mol
  ClO4[-1]: 0.0 mol
  HClO2(aq): 0.0 mol
volume: 1.0003467243895958 l
temperature: 298.15 K
pressure: 1 atm
pH: 7.067104492204315
pE: 8.5
balance_charge: Cl[-1]
solvent: H2O(aq)
engine: native
default_diffusion_coeff: 1.6106e-09
log_level: ERROR
