'@module': pyEQL.solution
'@class': Solution
'@version': 1.5.0
solutes:
  H2O(aq): 55.34457593619076 mol
  Na[+1]: 0.02570028457852035 mol
  Cl[-1]: 0.025061520122094193 mol
  SiO2(aq): 0.0016507255438687706 mol
  K[+1]: 0.0016461065928505215 mol
  HCO3[-1]: 0.0011935750282736372 mol
  SO4[-2]: 0.0010043975336722867 mol
  Li[+1]: 0.0003742827578096682 mol
  Ca[+2]: 0.00027169562484335015 mol
  B(OH)3(aq): 0.00019348802273284264 mol
  F[-1]: 0.0001492919844453039 mol
  CO2(aq): 0.00013760780285908288 mol
  NH4[+1]: 8.989132323627581e-05 mol
  NaSO4[-1]: 8.829247452655866e-05 mol
  NaCl(aq): 8.125881323673745e-05 mol
  Mg[+2]: 7.988351648234334e-05 mol
  NaHCO3(aq): 3.175087964268829e-05 mol
  CaSO4(aq): 1.1269725482070758e-05 mol
  KSO4[-1]: 6.853232713680547e-06 mol
  MgSO4(aq): 6.3524679180844725e-06 mol
  SiHO3[-1]: 3.7659746017499343e-06 mol
  NaSiHO3(aq): 3.2998210987619165e-06 mol
  CaHCO3[+1]: 2.104801142087664e-06 mol
  BO2[-1]: 2.076333874051321e-06 mol
  CO3[-2]: 1.457739235180861e-06 mol
  LiSO4[-1]: 1.1622626369033082e-06 mol
  KCl(aq): 9.864426883722223e-07 mol
  MgCl[+1]: 8.905150851967391e-07 mol
  CaCl[+1]: 7.841107516862178e-07 mol
  NH3(aq): 7.37033514698946e-07 mol
  MgHCO3[+1]: 6.360563167363136e-07 mol
  NaF(aq): 2.9580598248876446e-07 mol
  CaCO3(aq): 2.634392346652876e-07 mol
  LiCl(aq): 2.2403468995323586e-07 mol
  OH[-1]: 1.9262784521070155e-07 mol
  MgF[+1]: 1.6466736827024664e-07 mol
  CaF[+1]: 1.1248581851269345e-07 mol
  NaB(OH)4(aq): 7.630767056109243e-08 mol
  NaCO3[-1]: 6.888892586638214e-08 mol
  H[+1]: 6.699247739451795e-08 mol
  MgCO3(aq): 3.707388080415819e-08 mol
  CaB(OH)4[+1]: 2.175419394329964e-08 mol
  CaCl2(aq): 1.659144092061881e-08 mol
  MgB(OH)4[+1]: 7.981115780839236e-09 mol
  HSO4[-1]: 3.630434229772508e-09 mol
  NaOH(aq): 6.156354630338454e-10 mol
  HCl(aq): 2.79277804949246e-10 mol
  LiOH(aq): 1.253172275476587e-10 mol
  Si2H7O8[-1]: 9.51326220139573e-11 mol
  KOH(aq): 8.159145363725528e-11 mol
  Si(HO2)2[-2]: 1.0093046580645165e-11 mol
  BH2(OF)2[-1]: 8.929377983232418e-13 mol
  HF2[-1]: 4.125187806140239e-13 mol
  KHSO4(aq): 3.024334052653341e-13 mol
  HF(aq): 3.252186622379436e-16 mol
  NH4SO4[-1]: 2.313942367625772e-16 mol
  BOHF3[-1]: 2.844136838746526e-17 mol
  SiH3O4[-1]: 1.0083852627161383e-17 mol
  H2SO4(aq): 1.713175429330953e-19 mol
  B2H5O6[-1]: 1.550142549586999e-19 mol
  BF4[-1]: 1.407676911815774e-23 mol
  O2(aq): 8.31058071537045e-24 mol
  HClO(aq): 1.0349118731565161e-28 mol
  ClO[-1]: 5.579341111612089e-29 mol
  SiF6[-2]: 3.8804860066969935e-29 mol
  H2(aq): 2.72340955535441e-35 mol
volume: 1.0 l
temperature: 298.15 K
pressure: 1 atm
pH: 7.173973961619639
pE: 8.5
balance_charge: auto
solvent: H2O(aq)
default_diffusion_coeff: 1.6106e-09
log_level: ERROR
