'@module': pyEQL.solution
'@class': Solution
'@version': 1.5.0
solutes:
  H2O(aq): 55.34457593619076 mol
  Na[+1]: 0.02463349483729203 mol
  Cl[-1]: 0.024031605600274206 mol
  K[+1]: 0.001578436201906007 mol
  SiO2(aq): 0.0015419536036067219 mol
  SO4[-2]: 0.0009658007021114564 mol
  HCO3[-1]: 0.0009076506597695517 mol
  Li[+1]: 0.0003588865959309962 mol
  O2(aq): 0.0002657338052283008 mol
  Ca[+2]: 0.0002598514813581219 mol
  B(OH)3(aq): 0.00017332876676594476 mol
  F[-1]: 0.00014316419732754524 mol
  NO3[-1]: 8.682926496871826e-05 mol
  NaSO4[-1]: 8.235669471780713e-05 mol
  Mg[+2]: 7.666219894720648e-05 mol
  NaCl(aq): 7.514219414633217e-05 mol
  SiHO3[-1]: 2.5729419378961538e-05 mol
  NaHCO3(aq): 2.3277324321479423e-05 mol
  NaSiHO3(aq): 2.1734581707167525e-05 mol
  CO2(aq): 1.4311804977495596e-05 mol
  BO2[-1]: 1.360295282543762e-05 mol
  CaSO4(aq): 1.0595032556872694e-05 mol
  CO3[-2]: 8.061859707145401e-06 mol
  KSO4[-1]: 6.3970744587105145e-06 mol
  MgSO4(aq): 5.983488704570107e-06 mol
  CaHCO3[+1]: 1.5462496860972188e-06 mol
  CaCO3(aq): 1.4236698701625054e-06 mol
  OH[-1]: 1.4086884118022005e-06 mol
  LiSO4[-1]: 1.0840186502527375e-06 mol
  KCl(aq): 9.128427314457175e-07 mol
  MgCl[+1]: 8.267400415741071e-07 mol
  CaCl[+1]: 7.265776988363612e-07 mol
  NaB(OH)4(aq): 4.820024140735558e-07 mol
  MgHCO3[+1]: 4.681522990758668e-07 mol
  NaCO3[-1]: 3.693724605899687e-07 mol
  NaF(aq): 2.735116021579413e-07 mol
  LiCl(aq): 2.0715047103835438e-07 mol
  MgCO3(aq): 2.0073353096066694e-07 mol
  MgF[+1]: 1.5285886820474364e-07 mol
  CaB(OH)4[+1]: 1.376940807934401e-07 mol
  CaF[+1]: 1.0422162279130628e-07 mol
  CaNO3[+1]: 6.20765285077041e-08 mol
  MgB(OH)4[+1]: 5.0612632066960965e-08 mol
  CaCl2(aq): 1.4832489787968975e-08 mol
  H[+1]: 9.116193965353847e-09 mol
  NaOH(aq): 4.34100586981463e-09 mol
  Si2H7O8[-1]: 3.851640910200039e-09 mol
  LiOH(aq): 8.835574232987323e-10 mol
  KOH(aq): 5.757343233935398e-10 mol
  Si(HO2)2[-2]: 5.012403135304296e-10 mol
  HSO4[-1]: 4.802724749798898e-10 mol
  HCl(aq): 3.6627200323576454e-11 mol
  BH2(OF)2[-1]: 1.0060001484904395e-13 mol
  HF2[-1]: 5.18829487375537e-14 mol
  KHSO4(aq): 3.859916256478915e-14 mol
  HNO3(aq): 3.081679409402576e-14 mol
  SiH3O4[-1]: 2.1181452926847863e-14 mol
  HF(aq): 5.5926621075921576e-18 mol
  NO2[-1]: 3.0994651205695933e-18 mol
  B2H5O6[-1]: 9.097881468626406e-19 mol
  BOHF3[-1]: 4.2017419969377697e-19 mol
  ClO[-1]: 3.0256963250040526e-19 mol
  HClO(aq): 7.67375606395767e-20 mol
  H2SO4(aq): 3.0987972201118627e-21 mol
  HNO2(aq): 3.589594310152602e-23 mol
  N2(aq): 6.2072411475876394e-24 mol
  ClO3[-1]: 5.653759392235927e-25 mol
  ClO4[-1]: 3.247985029760694e-25 mol
  BF4[-1]: 2.726992464104127e-26 mol
  ClO2[-1]: 4.8936910951443924e-29 mol
  HSO5[-1]: 4.274010607695607e-31 mol
  SiF6[-2]: 9.798484212985295e-33 mol
  HClO2(aq): 4.947880517947509e-34 mol
volume: 1.0 l
temperature: 298.15 K
pressure: 1 atm
pH: 8.040186442905146
pE: 8.5
balance_charge: auto
solvent: H2O(aq)
default_diffusion_coeff: 1.6106e-09
log_level: ERROR
