'@module': pyEQL.solution
'@class': Solution
'@version': 1.5.1.dev50+geb84b2d8f
solutes:
  H2O(aq): 55.34457593619076 mol
  Cl[-1]: 0.025971678557447475 mol
  Na[+1]: 0.02572514479098854 mol
  SiO2(aq): 0.0016502218501626398 mol
  K[+1]: 0.001646068475797547 mol
  SO4[-2]: 0.0010041503504213698 mol
  Li[+1]: 0.00037427425958823677 mol
  Ca[+2]: 0.0002736022889312297 mol
  O2(aq): 0.0002656529781337363 mol
  B(OH)3(aq): 0.00019333461807137672 mol
  F[-1]: 0.00014929041895277615 mol
  HCO3[-1]: 0.00013290694942535246 mol
  NO3[-1]: 9.056085484979725e-05 mol
  NaSO4[-1]: 8.840465197842142e-05 mol
  NaCl(aq): 8.431470815384225e-05 mol
  Mg[+2]: 8.039537148117062e-05 mol
  CO2(aq): 1.4307451818087545e-05 mol
  CaSO4(aq): 1.1357508391647287e-05 mol
  KSO4[-1]: 6.855245442090834e-06 mol
  MgSO4(aq): 6.397619369403977e-06 mol
  SiHO3[-1]: 4.032088695484632e-06 mol
  NaHCO3(aq): 3.539875050666307e-06 mol
  NaSiHO3(aq): 3.5373439522458223e-06 mol
  BO2[-1]: 2.221968018630912e-06 mol
  LiSO4[-1]: 1.1625618717362507e-06 mol
  KCl(aq): 1.0225412181264448e-06 mol
  MgCl[+1]: 9.291421006306604e-07 mol
  CaCl[+1]: 8.186760373848782e-07 mol
  NaF(aq): 2.9616894763952023e-07 mol
  CaHCO3[+1]: 2.3612667180557344e-07 mol
  LiCl(aq): 2.3222475043404782e-07 mol
  OH[-1]: 2.0630205902919674e-07 mol
  CO3[-2]: 1.737999836482768e-07 mol
  MgF[+1]: 1.6578609654468451e-07 mol
  CaF[+1]: 1.1332667480575797e-07 mol
  NaB(OH)4(aq): 8.176043024254191e-08 mol
  MgHCO3[+1]: 7.130758584129505e-08 mol
  CaNO3[+1]: 6.75016819783996e-08 mol
  H[+1]: 5.4974133904227655e-08 mol
  CaCO3(aq): 3.1660376748484874e-08 mol
  CaB(OH)4[+1]: 2.3454153988207838e-08 mol
  CaCl2(aq): 1.7956915751867743e-08 mol
  MgB(OH)4[+1]: 8.598972807597994e-09 mol
  NaCO3[-1]: 8.225583903143688e-09 mol
  MgCO3(aq): 4.452560817159498e-09 mol
  HSO4[-1]: 3.3899293399640045e-09 mol
  NaOH(aq): 6.601539833842961e-10 mol
  HCl(aq): 2.7024018566006835e-10 mol
  LiOH(aq): 1.3424334524860743e-10 mol
  Si2H7O8[-1]: 1.0895309027427706e-10 mol
  KOH(aq): 8.740623008999067e-11 mol
  Si(HO2)2[-2]: 1.157007243835534e-11 mol
  BH2(OF)2[-1]: 8.330745628985538e-13 mol
  HF2[-1]: 3.851705870072625e-13 mol
  KHSO4(aq): 2.8246987409798386e-13 mol
  HNO3(aq): 2.1942738170261333e-13 mol
  HF(aq): 2.835304431693614e-16 mol
  BOHF3[-1]: 2.4775595634970934e-17 mol
  SiH3O4[-1]: 1.3227991654276484e-17 mol
  NO2[-1]: 3.2326682829463052e-18 mol
  HClO(aq): 5.661795728621716e-19 mol
  ClO[-1]: 3.2690299063908043e-19 mol
  B2H5O6[-1]: 1.6575463479035177e-19 mol
  H2SO4(aq): 1.4936497037073913e-19 mol
  N2(aq): 3.1471955855016604e-22 mol
  HNO2(aq): 2.5559286876115634e-22 mol
  BF4[-1]: 1.1449527224386937e-23 mol
  ClO3[-1]: 6.109287122702016e-25 mol
  ClO4[-1]: 3.509677674698241e-25 mol
  ClO2[-1]: 5.287253188782615e-29 mol
  SiF6[-2]: 2.947581173550182e-29 mol
  HSO5[-1]: 3.0167446008541626e-30 mol
  HClO2(aq): 3.6506097599090487e-33 mol
volume: 1.0 l
temperature: 298.15 K
pressure: 1 atm
pH: 7.3158301876511045
pE: 8.5
balance_charge: auto
solvent: H2O(aq)
default_diffusion_coeff: 1.6106e-09
log_level: ERROR
