'@module': pyEQL.solution
'@class': Solution
'@version': 1.5.0
solutes:
  H2O(aq): 55.34457593619076 mol
  Cl[-1]: 0.02594337311190696 mol
  Na[+1]: 0.025723868066023302 mol
  SiO2(aq): 0.0016487751541449241 mol
  K[+1]: 0.0016460694329195214 mol
  SO4[-2]: 0.001004156664540326 mol
  Li[+1]: 0.0003742744638100027 mol
  Ca[+2]: 0.0002735424189981662 mol
  O2(aq): 0.0002656530693584448 mol
  B(OH)3(aq): 0.00019289214035063724 mol
  HCO3[-1]: 0.0001584474528250265 mol
  F[-1]: 0.0001492921968321245 mol
  NO3[-1]: 9.056086893302902e-05 mol
  NaSO4[-1]: 8.840190436448492e-05 mol
  NaCl(aq): 8.421916260769183e-05 mol
  Mg[+2]: 8.038040307083662e-05 mol
  CO2(aq): 1.4307456731238066e-05 mol
  CaSO4(aq): 1.1355350279070386e-05 mol
  KSO4[-1]: 6.855378711104448e-06 mol
  MgSO4(aq): 6.396602532856631e-06 mol
  SiHO3[-1]: 4.8027142143555996e-06 mol
  NaHCO3(aq): 4.219942428818962e-06 mol
  NaSiHO3(aq): 4.213228171805268e-06 mol
  BO2[-1]: 2.6428969392388783e-06 mol
  LiSO4[-1]: 1.1625834866523502e-06 mol
  KCl(aq): 1.0214340752454603e-06 mol
  MgCl[+1]: 9.279650115521157e-07 mol
  CaCl[+1]: 8.176134794518481e-07 mol
  NaF(aq): 2.96159576272663e-07 mol
  CaHCO3[+1]: 2.814440199526945e-07 mol
  CO3[-2]: 2.4701443683940566e-07 mol
  OH[-1]: 2.459467397549928e-07 mol
  LiCl(aq): 2.319731154797643e-07 mol
  MgF[+1]: 1.6575866826799342e-07 mol
  CaF[+1]: 1.1330440383511492e-07 mol
  NaB(OH)4(aq): 9.724486179644222e-08 mol
  MgHCO3[+1]: 8.499555452765894e-08 mol
  CaNO3[+1]: 6.748763411689131e-08 mol
  H[+1]: 5.2457505829739105e-08 mol
  CaCO3(aq): 4.4988672752476126e-08 mol
  CaB(OH)4[+1]: 2.7891486028856018e-08 mol
  CaCl2(aq): 1.7914176187368516e-08 mol
  NaCO3[-1]: 1.1690225048154941e-08 mol
  MgB(OH)4[+1]: 1.0226145219426333e-08 mol
  MgCO3(aq): 6.327183955509318e-09 mol
  HSO4[-1]: 2.8435350420643406e-09 mol
  NaOH(aq): 7.869802646036527e-10 mol
  HCl(aq): 2.2643259579224923e-10 mol
  LiOH(aq): 1.6004161745075537e-10 mol
  Si2H7O8[-1]: 1.543080112313564e-10 mol
  KOH(aq): 1.0420364804311702e-10 mol
  Si(HO2)2[-2]: 1.642962166300267e-11 mol
  BH2(OF)2[-1]: 6.972069005954551e-13 mol
  HF2[-1]: 3.2309187848051905e-13 mol
  KHSO4(aq): 2.3694253868796495e-13 mol
  HNO3(aq): 1.8405748382895744e-13 mol
  HF(aq): 1.9949640813858696e-16 mol
  SiH3O4[-1]: 2.662590247573559e-17 mol
  BOHF3[-1]: 1.7392802749805287e-17 mol
  NO2[-1]: 3.2326687856625657e-18 mol
  HClO(aq): 4.743983950965436e-19 mol
  ClO[-1]: 3.265468135098422e-19 mol
  B2H5O6[-1]: 1.9670392774934288e-19 mol
  H2SO4(aq): 1.0509429811059187e-19 mol
  N2(aq): 2.214364052574062e-22 mol
  HNO2(aq): 2.143933903953734e-22 mol
  BF4[-1]: 6.742185326043806e-24 mol
  ClO3[-1]: 6.102629841334312e-25 mol
  ClO4[-1]: 3.5058531839970274e-25 mol
  ClO2[-1]: 5.281492462462513e-29 mol
  SiF6[-2]: 1.4580193756851525e-29 mol
  HSO5[-1]: 2.5305008232349262e-30 mol
  HClO2(aq): 3.0588235503972637e-33 mol
volume: 1.0 l
temperature: 298.15 K
pressure: 1 atm
pH: 7.280192362432896
pE: 8.5
balance_charge: auto
solvent: H2O(aq)
default_diffusion_coeff: 1.6106e-09
log_level: ERROR
