'@module': pyEQL.solution
'@class': Solution
'@version': 1.3.2.post1.dev89+g8391a3291
solutes:
  H2O(aq): 55.323981487812674 mol
  Na[+1]: 0.022515705271355258 mol
  Cl[-1]: 0.022047859181240564 mol
  K[+1]: 0.0015653672430979589 mol
  SO4[-2]: 0.0009698827383519989 mol
  SiO2(aq): 0.0007055058545021723 mol
  HCO3[-1]: 0.000629217734020706 mol
  Ca[+2]: 0.00030894538202713245 mol
  S[-0.4]: 0.00021444077693680597 mol
  CO2(aq): 9.420398344056751e-05 mol
  NaSO4[-1]: 7.733346856602322e-05 mol
  NaCl(aq): 6.251823423646876e-05 mol
  NaHCO3(aq): 1.491593484832426e-05 mol
  CaSO4(aq): 1.3186709752568064e-05 mol
  KSO4[-1]: 6.521007645184471e-06 mol
  CaHCO3[+1]: 1.2991247892310615e-06 mol
  SiHO3[-1]: 1.240548686970652e-06 mol
  Sr[+2]: 1.0725841221129678e-06 mol
  NaSiHO3(aq): 9.68657638127791e-07 mol
  KCl(aq): 8.244864361200328e-07 mol
  CaCl[+1]: 7.926084901647491e-07 mol
  CO3[-2]: 5.827021469586714e-07 mol
  OH[-1]: 1.4835153448793876e-07 mol
  CaCO3(aq): 1.2740856731142727e-07 mol
  H[+1]: 8.571287492884343e-08 mol
  SrSO4(aq): 6.10289654423618e-08 mol
  NaCO3[-1]: 2.4939530894266432e-08 mol
  CaCl2(aq): 1.4728347462384529e-08 mol
  SrCl[+1]: 7.525457242715954e-09 mol
  HSO4[-1]: 4.6303597843157205e-09 mol
  S[-0.5]: 6.651776372187107e-10 mol
  NaOH(aq): 4.226843363152297e-10 mol
  CaOH[+1]: 3.776092274662618e-10 mol
  HCl(aq): 3.128851949123189e-10 mol
  SrCO3(aq): 1.5066445060692743e-10 mol
  KOH(aq): 6.085729222574044e-11 mol
  Si(HO2)2[-2]: 2.5175763937742225e-12 mol
  Si2H7O8[-1]: 1.8563128032071063e-12 mol
  SrOH[+1]: 4.645324929153207e-13 mol
  KHSO4(aq): 3.734262457254551e-13 mol
  S[-0.66666667]: 1.2528716167024197e-15 mol
  H2SO4(aq): 2.835396834395549e-19 mol
  SiH3O4[-1]: 1.0706693437404224e-19 mol
  S[-1]: 1.3984944025247955e-21 mol
  HS[-1]: 5.679652233788916e-22 mol
  H2S(aq): 3.754895073354942e-22 mol
  O2(aq): 3.0327282362025863e-24 mol
  S[-2]: 1.3828543391496525e-27 mol
  HClO(aq): 7.002304851770236e-29 mol
  ClO[-1]: 2.909140591404094e-29 mol
  H2(aq): 4.5124712171815976e-35 mol
  ClO2[-1]: 0.0 mol
  ClO3[-1]: 0.0 mol
  ClO4[-1]: 0.0 mol
  HClO2(aq): 0.0 mol
volume: 1.0003467243451043 l
temperature: 298.15 K
pressure: 1 atm
pH: 7.067104492184217
pE: 8.5
charge_balance: '1.304244090728514e-08'
solvent: H2O(aq)
engine: native
