'@module': pyEQL.solution
'@class': Solution
'@version': 1.5.0
solutes:
  H2O(aq): 55.34457593619076 mol
  HSO4[-1]: 0.08726527079029883 mol
  SO4[-2]: 0.07985949482810177 mol
  MgSO4(aq): 0.061644289385874476 mol
  Al(SO4)2[-1]: 0.05054304222602731 mol
  H[+1]: 0.049556483627696074 mol
  Mg[+2]: 0.0478804997521794 mol
  AlSO4[+1]: 0.044004812634952054 mol
  Al[+3]: 0.02145465335968494 mol
  Fe[+2]: 0.01892997859162421 mol
  FeSO4(aq): 0.011511421655911663 mol
  Zn[+2]: 0.00123578847070161 mol
  ZnSO4(aq): 0.0009963202476346634 mol
  Cu[+2]: 0.0009338227503839003 mol
  CuSO4(aq): 0.0008208112299261617 mol
  Co[+2]: 0.0005068979837360866 mol
  Ni[+2]: 0.00033480687607401703 mol
  AsH3O4(aq): 0.00019820472619456298 mol
  NiSO4(aq): 0.00017632384731214074 mol
  AsHO2(aq): 9.899237132838398e-05 mol
  As(OH)3(aq): 8.585051620861094e-05 mol
  As(HO2)2[-1]: 4.157561794310938e-05 mol
  H2SO4(aq): 2.228318589357245e-06 mol
  CoSO4(aq): 2.1529849071456663e-06 mol
  AlOH[+2]: 1.690196545532704e-08 mol
  AsHO4[-2]: 6.379925957065234e-10 mol
  Al(OH)2[+1]: 4.6927010247278153e-11 mol
  AsH2O3[-1]: 1.939845152527721e-12 mol
  AsO2[-1]: 1.869702696682283e-12 mol
  OH[-1]: 3.6204700176241653e-13 mol
  Al3(OH)4[+5]: 2.3409827538855426e-13 mol
  AlHO2(aq): 1.1662579592629187e-15 mol
  Ni2OH[+3]: 1.1693188136729005e-16 mol
  Co2OH[+3]: 8.475890303998838e-17 mol
  Zn(OH)2(aq): 9.342269433607098e-19 mol
  AsO4[-3]: 3.6065296707124215e-19 mol
  AlO2[-1]: 1.4761083672422773e-20 mol
  Co(OH)2(aq): 1.2930901779687537e-20 mol
  Fe(OH)2(aq): 7.653469784555502e-21 mol
  AsHO3[-2]: 1.752032507983459e-21 mol
  CoHO2[-1]: 1.722724296168538e-21 mol
  Ni(OH)2(aq): 5.511916348249488e-22 mol
  H2(aq): 1.1134079654854418e-23 mol
  Co[+3]: 1.3175843855786145e-27 mol
  Zn(OH)3[-1]: 1.06116925902705e-28 mol
  Fe(OH)3[-1]: 1.1165820556002491e-29 mol
  Ni(OH)3[-1]: 2.0433129619299416e-31 mol
  CuO2[-2]: 1.822790541757267e-37 mol
  Zn(OH)4[-2]: 1.6588498117553268e-39 mol
volume: 1.0 l
temperature: 298.15 K
pressure: 1 atm
pH: 1.3048995173740048
pE: 8.5
balance_charge: auto
solvent: H2O(aq)
default_diffusion_coeff: 1.6106e-09
log_level: ERROR
