'@module': pyEQL.solution
'@class': Solution
'@version': 1.5.0
solutes:
  H2O(aq): 55.34457593619076 mol
  SO4[-2]: 0.06720834452763673 mol
  HSO4[-1]: 0.06296693609935551 mol
  MgSO4(aq): 0.04615946966042362 mol
  H[+1]: 0.03935621405920298 mol
  Mg[+2]: 0.03744060049905081 mol
  Al(SO4)2[-1]: 0.03672889165573797 mol
  AlSO4[+1]: 0.03465876649847428 mol
  Al[+3]: 0.01715617546199565 mol
  Fe[+2]: 0.014578210870803033 mol
  FeSO4(aq): 0.008657653949603565 mol
  Zn[+2]: 0.0009532309401566154 mol
  ZnSO4(aq): 0.0007505335370139245 mol
  Cu[+2]: 0.0007206736019132197 mol
  CuSO4(aq): 0.0006186351739722641 mol
  Co[+2]: 0.00038695259331270087 mol
  Ni[+2]: 0.00025763709840636944 mol
  AsH3O4(aq): 0.00017550724925936495 mol
  NiSO4(aq): 0.0001325080429084695 mol
  AsHO2(aq): 5.5100609217440835e-05 mol
  As(OH)3(aq): 4.787521904910667e-05 mol
  As(HO2)2[-1]: 4.5630724996489325e-05 mol
  CoSO4(aq): 1.6050750311091697e-06 mol
  H2SO4(aq): 1.2972115341654579e-06 mol
  AlOH[+2]: 1.521045719812099e-08 mol
  AsHO4[-2]: 8.167003393203952e-10 mol
  Al(OH)2[+1]: 6.372776304577741e-11 mol
  AsH2O3[-1]: 1.3408263301824798e-12 mol
  AsO2[-1]: 1.2899260991070924e-12 mol
  OH[-1]: 4.4811490300211466e-13 mol
  Al3(OH)4[+5]: 2.5701354726029573e-13 mol
  AlHO2(aq): 2.0251761604287733e-15 mol
  Ni2OH[+3]: 8.22581732130305e-17 mol
  Co2OH[+3]: 5.86783353737217e-17 mol
  Zn(OH)2(aq): 1.2134346648249497e-18 mol
  AsO4[-3]: 5.117415449971408e-19 mol
  AlO2[-1]: 3.1770498583897514e-20 mol
  Co(OH)2(aq): 1.6621722549896992e-20 mol
  Fe(OH)2(aq): 9.924816711779298e-21 mol
  CoHO2[-1]: 2.744736118168849e-21 mol
  AsHO3[-2]: 1.4124597056772548e-21 mol
  Ni(OH)2(aq): 7.14211216726982e-22 mol
  H2(aq): 7.1926802578333e-24 mol
  Co[+3]: 8.950285142675294e-28 mol
  Zn(OH)3[-1]: 1.7115889048899646e-28 mol
  Fe(OH)3[-1]: 1.7980657152566324e-29 mol
  Ni(OH)3[-1]: 3.2878328594647764e-31 mol
  CuO2[-2]: 3.4244197444780493e-37 mol
  Zn(OH)4[-2]: 3.126536489683361e-39 mol
volume: 1.0 l
temperature: 298.15 K
pressure: 1 atm
pH: 1.404986685959152
pE: 8.5
balance_charge: auto
solvent: H2O(aq)
default_diffusion_coeff: 1.6106e-09
log_level: ERROR
