'@module': pyEQL.solution
'@class': Solution
'@version': src
solutes:
  H2O(aq): 55.35369084342898 mol
  SO4[-2]: 0.003205132576190172 mol
  Mg[+2]: 0.0029951545324666323 mol
  S[-0.4]: 0.0026706253827247072 mol
  Na[+1]: 0.0009590188874311475 mol
  MgSO4(aq): 0.0008475330337415483 mol
  CaSO4(aq): 0.0003664578220791079 mol
  Cl[-1]: 0.00023367637261723719 mol
  H[+1]: 0.00014656731782740972 mol
  SiO2(aq): 0.00014625160360551447 mol
  HSO4[-1]: 2.6859844869445026e-05 mol
  NaSO4[-1]: 1.1200394733694412e-05 mol
  MgCl[+1]: 3.263081127121914e-07 mol
  CaCl[+1]: 7.002619108125613e-08 mol
  NaCl(aq): 2.9196180428480004e-08 mol
  HCl(aq): 5.85230932390603e-09 mol
  S[-0.5]: 4.973963881678251e-09 mol
  SiHO3[-1]: 1.4879922433576443e-10 mol
  OH[-1]: 8.585601740910925e-11 mol
  CaCl2(aq): 1.4267028733848746e-11 mol
  NaSiHO3(aq): 5.016546833206663e-12 mol
  H2SO4(aq): 2.8442858840793184e-12 mol
  CaOH[+1]: 1.785635258950493e-12 mol
  NaOH(aq): 1.0565349298737484e-14 mol
  S[-0.66666667]: 5.62510902911739e-15 mol
  H2S(aq): 1.8449031857690213e-15 mol
  HS[-1]: 1.6131902444641832e-18 mol
  Si(HO2)2[-2]: 1.7213333769684032e-19 mol
  S[-1]: 3.770027284587567e-21 mol
  Si2H7O8[-1]: 1.1328669361317166e-21 mol
  S[-2]: 2.2436086448188088e-27 mol
  H2(aq): 1.3321402536294043e-28 mol
  HClO(aq): 4.444662001226593e-34 mol
  MgOH[+1]: 6.200033823968446e-35 mol
  SiH3O4[-1]: 2.0292573979388947e-35 mol
  O2(aq): 3.496857462075844e-37 mol
  ClO[-1]: 1.0678046378246041e-37 mol
  Ca[+2]: 0.0 mol
  ClO2[-1]: 0.0 mol
  ClO3[-1]: 0.0 mol
  ClO4[-1]: 0.0 mol
  HClO2(aq): 0.0 mol
volume: 0.9998062326064434 l
temperature: 298.15 K
pressure: 1 atm
pH: 3.8338786993736256
pE: 8.5
balance_charge: Ca[+2]
solvent: H2O(aq)
engine: native
default_diffusion_coeff: 1.6106e-09
log_level: ERROR
