'@module': pyEQL.solution
'@class': Solution
'@version': 1.5.0
solutes:
  H2O(aq): 55.34457593619076 mol
  SO4[-2]: 0.00733893318294132 mol
  Ca[+2]: 0.004231193771483968 mol
  Mg[+2]: 0.002585347570477173 mol
  MgSO4(aq): 0.0015163391503520334 mol
  CaSO4(aq): 0.0012953507446513744 mol
  Na[+1]: 0.001016084017776949 mol
  SiO2(aq): 0.0002962500232777133 mol
  CO2(aq): 0.0002901616584112823 mol
  Cl[-1]: 0.00028083457439789295 mol
  H[+1]: 0.00011367226026692343 mol
  K[+1]: 0.00011279389937451375 mol
  Mn[+2]: 5.1280503616357164e-05 mol
  HSO4[-1]: 4.523638602416871e-05 mol
  Fe[+2]: 2.7880475469407208e-05 mol
  MnSO4(aq): 2.6517357833514115e-05 mol
  NaSO4[-1]: 2.5646046766185882e-05 mol
  FeSO4(aq): 9.260846849401282e-06 mol
  KSO4[-1]: 3.450545394117458e-06 mol
  HCO3[-1]: 1.4807873115585633e-06 mol
  MgCl[+1]: 3.24259579988077e-07 mol
  CaCl[+1]: 1.3748303730590213e-07 mol
  CaHCO3[+1]: 4.085291212554253e-08 mol
  NaCl(aq): 3.61007590786965e-08 mol
  MgHCO3[+1]: 2.5638189016296965e-08 mol
  MnCl[+1]: 1.673911146742863e-08 mol
  FeHCO3[+1]: 1.1921653537733226e-08 mol
  HCl(aq): 5.322490167837695e-09 mol
  FeCl[+1]: 3.1137754510493665e-09 mol
  NaHCO3(aq): 1.5614995382840875e-09 mol
  KCl(aq): 7.596494738046894e-10 mol
  SiHO3[-1]: 3.9771381577500583e-10 mol
  MnHCO3[+1]: 3.1811826279838834e-10 mol
  KHSO4(aq): 2.5893916926444573e-10 mol
  OH[-1]: 1.1334441186540801e-10 mol
  CaCl2(aq): 3.268962846268709e-11 mol
  NaSiHO3(aq): 1.381423450333867e-11 mol
  H2SO4(aq): 3.630002216145305e-12 mol
  CaCO3(aq): 3.014866805828912e-12 mol
  CO3[-2]: 1.0607864750132476e-12 mol
  MgCO3(aq): 8.811209945613254e-13 mol
  MnCO3(aq): 5.519309934628779e-13 mol
  FeCO3(aq): 4.866678719101634e-13 mol
  NaOH(aq): 1.4360730648755494e-14 mol
  FeCl2(aq): 3.377709089608907e-15 mol
  KOH(aq): 3.299081945034214e-15 mol
  NaCO3[-1]: 1.992323174260288e-15 mol
  Mn2OH[+3]: 8.987539475875168e-16 mol
  MnCl3[-1]: 2.065712527564504e-16 mol
  Fe(OH)2(aq): 3.839498365818055e-18 mol
  Si(HO2)2[-2]: 6.254592664682858e-19 mol
  Mn(OH)2(aq): 1.773889621731221e-19 mol
  Si2H7O8[-1]: 3.4211313788435565e-20 mol
  Mn2(OH)3[+1]: 1.1737716819176089e-21 mol
  FeCl4[-2]: 1.0623700308728146e-21 mol
  Fe(OH)3[-1]: 1.7965346756455086e-24 mol
  Mn(OH)3[-1]: 1.955634588704177e-27 mol
  H2(aq): 7.855552405807148e-29 mol
  SiH3O4[-1]: 1.2366837303922864e-33 mol
  HClO(aq): 6.843327265512612e-34 mol
  Fe(OH)4[-2]: 2.943168489233513e-35 mol
  O2(aq): 1.000612985069218e-36 mol
  Mn(OH)4[-2]: 2.713108930414888e-37 mol
  ClO[-1]: 2.169557323080956e-37 mol
volume: 1.0 l
temperature: 298.15 K
pressure: 1 atm
pH: 3.9443455043785907
pE: 8.5
balance_charge: auto
solvent: H2O(aq)
default_diffusion_coeff: 1.6106e-09
log_level: ERROR
