'@module': pyEQL.solution
'@class': Solution
'@version': src
solutes:
  H2O(aq): 55.34457593619076 mol
  SO4[-2]: 0.007334401665690646 mol
  Ca[+2]: 0.004225454428277205 mol
  Mg[+2]: 0.0025803512982141372 mol
  MgSO4(aq): 0.0015216596908253512 mol
  CaSO4(aq): 0.0013012275750627306 mol
  Na[+1]: 0.00101604606039566 mol
  SiO2(aq): 0.00029625002360349613 mol
  CO2(aq): 0.0002901752023533739 mol
  H[+1]: 0.00011360921174133973 mol
  HSO4[-1]: 4.532983902173542e-05 mol
  NaSO4[-1]: 2.572010368376436e-05 mol
  HCO3[-1]: 1.479461968358927e-06 mol
  CaHCO3[+1]: 4.088194134255806e-08 mol
  MgHCO3[+1]: 2.5630149827479625e-08 mol
  NaHCO3(aq): 1.562720196179691e-09 mol
  SiHO3[-1]: 3.9737658261740335e-10 mol
  OH[-1]: 1.1324349815956285e-10 mol
  NaSiHO3(aq): 1.382568508728149e-11 mol
  H2SO4(aq): 3.6406204086790594e-12 mol
  CaCO3(aq): 3.0195960939180523e-12 mol
  CO3[-2]: 1.0571664989581608e-12 mol
  MgCO3(aq): 8.816000033166585e-13 mol
  NaOH(aq): 1.4372634206161782e-14 mol
  NaCO3[-1]: 1.992172393131161e-15 mol
  Si(HO2)2[-2]: 6.232609702491038e-19 mol
  Si2H7O8[-1]: 3.409287382342439e-20 mol
  H2(aq): 7.856289392974342e-29 mol
  SiH3O4[-1]: 1.2192546795433268e-33 mol
  O2(aq): 1.0007244928047427e-36 mol
volume: 1.0 l
temperature: 298.15 K
pressure: 1 atm
pH: 3.944586453429242
pE: 8.5
balance_charge: auto
solvent: H2O(aq)
default_diffusion_coeff: 1.6106e-09
log_level: ERROR
