'@module': pyEQL.solution
'@class': Solution
'@version': 1.5.0
solutes:
  H2O(aq): 55.34457593619076 mol
  SO4[-2]: 0.02093439269428929 mol
  Na[+1]: 0.01834864913725266 mol
  Ca[+2]: 0.017966392171196208 mol
  HCO3[-1]: 0.011098668419226817 mol
  Cl[-1]: 0.00778938097403132 mol
  CaSO4(aq): 0.007652901149879361 mol
  Mg[+2]: 0.0024587246034635515 mol
  MgSO4(aq): 0.002129582563852742 mol
  CaHCO3[+1]: 0.0009463355849756203 mol
  NH4[+1]: 0.0009300329718644471 mol
  NaSO4[-1]: 0.0008852956294355072 mol
  K[+1]: 0.0008406664308983066 mol
  CO2(aq): 0.0004457262636051352 mol
  F[-1]: 0.0003103220456286622 mol
  CaCO3(aq): 0.00027728187101325 mol
  NaHCO3(aq): 0.00017484594553398672 mol
  MgHCO3[+1]: 0.00014117861136084462 mol
  KSO4[-1]: 4.8502416558807404e-05 mol
  CO3[-2]: 4.601433394640501e-05 mol
  MgCO3(aq): 1.926408139633579e-05 mol
  NH3(aq): 1.7479331979048804e-05 mol
  NaCl(aq): 1.4758662115845597e-05 mol
  CaCl[+1]: 1.1627550112110679e-05 mol
  CaF[+1]: 1.123378663183456e-05 mol
  MgF[+1]: 8.118488467403303e-06 mol
  MgCl[+1]: 6.519155302885752e-06 mol
  NaCO3[-1]: 1.0706371232064402e-06 mol
  OH[-1]: 5.467741898259981e-07 mol
  NaF(aq): 3.6182706968194783e-07 mol
  KCl(aq): 1.2645955214109607e-07 mol
  CaCl2(aq): 6.259024018240519e-08 mol
  H[+1]: 2.746681529304791e-08 mol
  HSO4[-1]: 2.1779678902473368e-08 mol
  NaOH(aq): 1.0283253250776173e-09 mol
  KOH(aq): 9.619551844746546e-11 mol
  HCl(aq): 3.034877774280538e-11 mol
  KHSO4(aq): 7.584109186398713e-13 mol
  HF2[-1]: 6.235647339742002e-13 mol
  NH4SO4[-1]: 3.2921759002600457e-14 mol
  HF(aq): 1.7418878851000605e-16 mol
  H2SO4(aq): 3.641678950286048e-19 mol
  O2(aq): 3.559868660881492e-22 mol
  ClO[-1]: 1.129837403395996e-28 mol
  HClO(aq): 7.42580127433864e-29 mol
  H2(aq): 4.0499085754767925e-36 mol
volume: 1.0 l
temperature: 298.15 K
pressure: 1 atm
pH: 7.561191692994297
pE: 8.5
balance_charge: auto
solvent: H2O(aq)
default_diffusion_coeff: 1.6106e-09
log_level: ERROR
