'@module': pyEQL.solution
'@class': Solution
'@version': 1.5.0
solutes:
  H2O(aq): 55.34457593619076 mol
  SO4[-2]: 0.02110045360982757 mol
  Na[+1]: 0.018405849380012974 mol
  Ca[+2]: 0.016877462831178754 mol
  Cl[-1]: 0.007789900290887507 mol
  CaSO4(aq): 0.007449686580991363 mol
  HCO3[-1]: 0.005466705514164429 mol
  Mg[+2]: 0.0023924865378412404 mol
  MgSO4(aq): 0.0021416358433333157 mol
  CaCO3(aq): 0.002042197852012415 mol
  NO3[-1]: 0.0009167318417464285 mol
  NaSO4[-1]: 0.0009092879165981733 mol
  K[+1]: 0.0008395356421450778 mol
  CaHCO3[+1]: 0.0004430904968679722 mol
  CO3[-2]: 0.0003513043191583482 mol
  F[-1]: 0.0003109805542261712 mol
  O2(aq): 0.00026129721636962644 mol
  MgCO3(aq): 0.00014657634575292161 mol
  NaHCO3(aq): 8.701120170458401e-05 mol
  MgHCO3[+1]: 6.828973332719152e-05 mol
  KSO4[-1]: 4.9630865798204876e-05 mol
  CaNO3[+1]: 3.078046207666549e-05 mol
  NaCl(aq): 1.4922232507820038e-05 mol
  CO2(aq): 1.4072860615651392e-05 mol
  CaCl[+1]: 1.106121149120328e-05 mol
  CaF[+1]: 1.0704770110960858e-05 mol
  OH[-1]: 8.537034760367304e-06 mol
  NaCO3[-1]: 8.319933189629567e-06 mol
  MgF[+1]: 7.992186297838398e-06 mol
  MgCl[+1]: 6.406857282264172e-06 mol
  NaF(aq): 3.664583023751554e-07 mol
  KCl(aq): 1.273836903563606e-07 mol
  CaCl2(aq): 6.001706967851448e-08 mol
  NaOH(aq): 1.622678500856226e-08 mol
  H[+1]: 1.7496184605136562e-09 mol
  KOH(aq): 1.5122798474431686e-09 mol
  HSO4[-1]: 1.417887697418083e-09 mol
  HCl(aq): 1.9449358410139117e-12 mol
  HNO3(aq): 5.329863579333898e-14 mol
  KHSO4(aq): 4.969756505467066e-14 mol
  HF2[-1]: 4.012375539233671e-14 mol
  NO2[-1]: 3.272374088888378e-17 mol
  HF(aq): 7.177650164280603e-19 mol
  ClO[-1]: 9.681443400596526e-20 mol
  HClO(aq): 4.074830473565345e-21 mol
  H2SO4(aq): 1.5182177944107647e-21 mol
  HNO2(aq): 6.208318723840034e-23 mol
  N2(aq): 1.857642576602306e-23 mol
  ClO3[-1]: 1.8202760341667432e-25 mol
  ClO4[-1]: 1.0457164691381406e-25 mol
  ClO2[-1]: 1.5658542123384746e-29 mol
  HSO5[-1]: 1.2617977033848827e-30 mol
  HClO2(aq): 2.627367112800173e-35 mol
volume: 1.0 l
temperature: 298.15 K
pressure: 1 atm
pH: 8.75705664763336
pE: 8.5
balance_charge: auto
solvent: H2O(aq)
default_diffusion_coeff: 1.6106e-09
log_level: ERROR
