'@module': pyEQL.solution
'@class': Solution
'@version': 1.5.0
solutes:
  H2O(aq): 55.34457593619076 mol
  SO4[-2]: 0.021473147216663265 mol
  Na[+1]: 0.018450050929951372 mol
  Ca[+2]: 0.014552602594683134 mol
  Cl[-1]: 0.007790759795811668 mol
  CaSO4(aq): 0.00685958087880407 mol
  Mg[+2]: 0.0024303493990153525 mol
  MgSO4(aq): 0.002312704143901396 mol
  NaSO4[-1]: 0.0009534075282307502 mol
  NO3[-1]: 0.0009202786569647896 mol
  K[+1]: 0.0008373316312371996 mol
  HCO3[-1]: 0.0003673432457096313 mol
  F[-1]: 0.00031192427322723125 mol
  O2(aq): 0.0002617403271863082 mol
  KSO4[-1]: 5.18346888937228e-05 mol
  CaNO3[+1]: 2.723364611361933e-05 mol
  CaHCO3[+1]: 2.6211916954383283e-05 mol
  NaCl(aq): 1.5168822113807994e-05 mol
  CO2(aq): 1.4096725534103745e-05 mol
  CaCl[+1]: 9.749991400990076e-06 mol
  CaF[+1]: 9.457714495669743e-06 mol
  MgF[+1]: 8.281124724481171e-06 mol
  CaCO3(aq): 8.22032590614444e-06 mol
  MgCl[+1]: 6.62310223353791e-06 mol
  NaHCO3(aq): 5.936056605070167e-06 mol
  MgHCO3[+1]: 4.737799054449908e-06 mol
  CO3[-2]: 1.5658675446803393e-06 mol
  MgCO3(aq): 6.91942463923888e-07 mol
  OH[-1]: 5.733508775250425e-07 mol
  NaF(aq): 3.7337904381210136e-07 mol
  KCl(aq): 1.2898029623019774e-07 mol
  CaCl2(aq): 5.3645568978394566e-08 mol
  NaCO3[-1]: 3.8135429109427304e-08 mol
  H[+1]: 2.5795584045049564e-08 mol
  HSO4[-1]: 2.1794984877521818e-08 mol
  NaOH(aq): 1.1070196990976068e-09 mol
  KOH(aq): 1.0276530596485769e-10 mol
  HCl(aq): 2.89841731852033e-11 mol
  HNO3(aq): 7.972616015646248e-13 mol
  KHSO4(aq): 7.725343944310212e-13 mol
  HF2[-1]: 6.014928056724275e-13 mol
  HF(aq): 1.6014936406909368e-16 mol
  NO2[-1]: 3.2850348318560316e-17 mol
  H2SO4(aq): 3.473464649473171e-19 mol
  ClO[-1]: 9.693523758785786e-20 mol
  HClO(aq): 6.07246725859037e-20 mol
  N2(aq): 4.1559586496243025e-21 mol
  HNO2(aq): 9.286643185360734e-22 mol
  ClO3[-1]: 1.8215700280176462e-25 mol
  ClO4[-1]: 1.0464598457774613e-25 mol
  HSO5[-1]: 1.9395655885753995e-29 mol
  ClO2[-1]: 1.5678080614675642e-29 mol
  HClO2(aq): 3.915402339380272e-34 mol
volume: 1.0 l
temperature: 298.15 K
pressure: 1 atm
pH: 7.587170715292571
pE: 8.5
balance_charge: auto
solvent: H2O(aq)
default_diffusion_coeff: 1.6106e-09
log_level: ERROR
