'@module': pyEQL.solution
'@class': Solution
'@version': src
solutes:
  H2O(aq): 55.34457593619076 mol
  SO4[-2]: 0.019006213863575 mol
  Na[+1]: 0.016058325974578812 mol
  Ca[+2]: 0.014372928428347961 mol
  HCO3[-1]: 0.009859240917712892 mol
  Cl[-1]: 0.006799058993894804 mol
  CaSO4(aq): 0.006026301232326389 mol
  NH4[+1]: 0.005503856800676499 mol
  Mg[+2]: 0.0021778535133718073 mol
  MgSO4(aq): 0.0018425962898745638 mol
  NaSO4[-1]: 0.0007365653963151997 mol
  CaHCO3[+1]: 0.0006963310700911892 mol
  CO2(aq): 0.00040130079922289674 mol
  CaCO3(aq): 0.00020620872497400817 mol
  NaHCO3(aq): 0.0001388527049054059 mol
  MgHCO3[+1]: 0.00011414331609359827 mol
  NH3(aq): 0.00010486761408293451 mol
  CO3[-2]: 3.9582505839734975e-05 mol
  MgCO3(aq): 1.5741453934100683e-05 mol
  NaCl(aq): 1.1538649682230165e-05 mol
  CaCl[+1]: 8.423024077397615e-06 mol
  MgCl[+1]: 5.188981550050086e-06 mol
  NaCO3[-1]: 8.412520158426381e-07 mol
  OH[-1]: 5.405904452579445e-07 mol
  CaCl2(aq): 4.0504024710393177e-08 mol
  H[+1]: 2.732517889731336e-08 mol
  HSO4[-1]: 2.0486286727688487e-08 mol
  NaOH(aq): 9.09727624930722e-10 mol
  HCl(aq): 2.682489221535558e-11 mol
  NH4SO4[-1]: 1.8578530592171777e-13 mol
  H2SO4(aq): 3.4620105620267154e-19 mol
  O2(aq): 3.571553131764628e-22 mol
  ClO[-1]: 9.882513212696984e-29 mol
  HClO(aq): 6.564622195744875e-29 mol
  H2(aq): 4.061898734814498e-36 mol
volume: 1.0 l
temperature: 298.15 K
pressure: 1 atm
pH: 7.563436986053038
pE: 8.5
balance_charge: auto
solvent: H2O(aq)
default_diffusion_coeff: 1.6106e-09
log_level: ERROR
