'@module': pyEQL.solution
'@class': Solution
'@version': 1.5.0
solutes:
  H2O(aq): 55.34457593619076 mol
  SO4[-2]: 0.01866295605456327 mol
  Na[+1]: 0.016071846445896758 mol
  Ca[+2]: 0.01545462007824915 mol
  HCO3[-1]: 0.009800323724427518 mol
  Cl[-1]: 0.0067982721612683044 mol
  CaSO4(aq): 0.0063612031637479876 mol
  Mg[+2]: 0.002196075242139106 mol
  MgSO4(aq): 0.0018240398092616707 mol
  NH4[+1]: 0.0017859497726220633 mol
  CaHCO3[+1]: 0.0007441808504162613 mol
  K[+1]: 0.0007360016231373877 mol
  NaSO4[-1]: 0.000723768000779092 mol
  CO2(aq): 0.0003988727619619023 mol
  CaCO3(aq): 0.00022037145660503785 mol
  NaHCO3(aq): 0.00013812995648225572 mol
  MgHCO3[+1]: 0.00011440075553896257 mol
  KSO4[-1]: 3.971012543869812e-05 mol
  CO3[-2]: 3.934990463986869e-05 mol
  NH3(aq): 3.402710976414095e-05 mol
  MgCO3(aq): 1.5776433769851875e-05 mol
  NaCl(aq): 1.154619221592553e-05 mol
  CaCl[+1]: 9.054845055746037e-06 mol
  MgCl[+1]: 5.2313141145325715e-06 mol
  NaCO3[-1]: 8.369009480744648e-07 mol
  OH[-1]: 5.406277736888486e-07 mol
  KCl(aq): 9.90764087464795e-08 mol
  CaCl2(aq): 4.353409739669398e-08 mol
  H[+1]: 2.7325629120144093e-08 mol
  HSO4[-1]: 2.0114086508555413e-08 mol
  NaOH(aq): 9.104933180913437e-10 mol
  KOH(aq): 8.529584869527285e-11 mol
  HCl(aq): 2.6820741544958674e-11 mol
  KHSO4(aq): 6.275423008355259e-13 mol
  NH4SO4[-1]: 5.918778718380022e-14 mol
  H2SO4(aq): 3.3989990559787657e-19 mol
  O2(aq): 3.571758460268197e-22 mol
  ClO[-1]: 9.881639165267125e-29 mol
  HClO(aq): 6.563823782065268e-29 mol
  H2(aq): 4.0618632441161764e-36 mol
volume: 1.0 l
temperature: 298.15 K
pressure: 1 atm
pH: 7.563429830466575
pE: 8.5
balance_charge: auto
solvent: H2O(aq)
default_diffusion_coeff: 1.6106e-09
log_level: ERROR
