'@module': pyEQL.solution
'@class': Solution
'@version': 1.5.0
solutes:
  H2O(aq): 55.34457593619076 mol
  SO4[-2]: 0.018680521519885324 mol
  Na[+1]: 0.016120275513650105 mol
  Ca[+2]: 0.015023421406503297 mol
  Cl[-1]: 0.00679839964264501 mol
  CaSO4(aq): 0.006333266725676622 mol
  HCO3[-1]: 0.005068138837783177 mol
  Mg[+2]: 0.0021458712744163305 mol
  MgSO4(aq): 0.001821544391768652 mol
  CaCO3(aq): 0.00164668349974999 mol
  NO3[-1]: 0.0008017936136515232 mol
  NaSO4[-1]: 0.0007361047532482854 mol
  K[+1]: 0.0007354514593819891 mol
  CaHCO3[+1]: 0.0003778244680518032 mol
  CO3[-2]: 0.00029587508422207123 mol
  F[-1]: 0.00027255192061026207 mol
  O2(aq): 0.00026199517376654423 mol
  MgCO3(aq): 0.00011824439534227865 mol
  NaHCO3(aq): 7.207522413114035e-05 mol
  MgHCO3[+1]: 5.8258247546927906e-05 mol
  KSO4[-1]: 4.025849201548803e-05 mol
  CaNO3[+1]: 2.480503989635494e-05 mol
  CO2(aq): 1.4110450978453739e-05 mol
  NaCl(aq): 1.1656449969546935e-05 mol
  CaCl[+1]: 8.894509567318411e-06 mol
  CaF[+1]: 8.63637636020726e-06 mol
  OH[-1]: 7.90799693492343e-06 mol
  MgF[+1]: 6.450957333444748e-06 mol
  NaCO3[-1]: 6.38823057161015e-06 mol
  MgCl[+1]: 5.154288412065334e-06 mol
  NaF(aq): 2.872049833966801e-07 mol
  KCl(aq): 9.970427443137968e-08 mol
  CaCl2(aq): 4.3043688002594566e-08 mol
  NaOH(aq): 1.3441363221148774e-08 mol
  H[+1]: 1.8596015542965719e-09 mol
  HSO4[-1]: 1.3859326198041634e-09 mol
  KOH(aq): 1.2551928284795102e-09 mol
  HCl(aq): 1.8344245798869766e-12 mol
  HNO3(aq): 5.037976749692437e-14 mol
  KHSO4(aq): 4.3490144796879587e-14 mol
  HF2[-1]: 3.330554739011961e-14 mol
  NO2[-1]: 2.862089573490763e-17 mol
  HF(aq): 6.427578358115118e-19 mol
  ClO[-1]: 8.464174364741487e-20 mol
  HClO(aq): 3.84329859214472e-21 mol
  H2SO4(aq): 1.600974632367757e-21 mol
  HNO2(aq): 5.868323817266604e-23 mol
  N2(aq): 1.659469875087931e-23 mol
  ClO3[-1]: 1.5900777491055293e-25 mol
  ClO4[-1]: 9.134716154250267e-26 mol
  ClO2[-1]: 1.3689759403211113e-29 mol
  HSO5[-1]: 1.2333604416622597e-30 mol
  HClO2(aq): 2.4780801044801393e-35 mol
volume: 1.0 l
temperature: 298.15 K
pressure: 1 atm
pH: 8.730580099495757
pE: 8.5
balance_charge: auto
solvent: H2O(aq)
default_diffusion_coeff: 1.6106e-09
log_level: ERROR
