'@module': pyEQL.solution
'@class': Solution
'@version': 1.5.0
solutes:
  H2O(aq): 55.34457593619076 mol
  SO4[-2]: 0.009261415769117456 mol
  Ca[+2]: 0.005379165339106363 mol
  Mg[+2]: 0.003224076620671165 mol
  MgSO4(aq): 0.0021394549395294346 mol
  CaSO4(aq): 0.0018476374346442274 mol
  Na[+1]: 0.001322709184935113 mol
  SiO2(aq): 0.00038739483577300793 mol
  CO2(aq): 0.0003793764906466796 mol
  Cl[-1]: 0.0003671023575710902 mol
  K[+1]: 0.00014670595172894087 mol
  H[+1]: 0.00011479388000414468 mol
  Mn[+2]: 6.43785723539958e-05 mol
  HSO4[-1]: 5.437065576338395e-05 mol
  NaSO4[-1]: 3.950863232383477e-05 mol
  MnSO4(aq): 3.7350524444736275e-05 mol
  Fe[+2]: 3.537913850578609e-05 mol
  FeSO4(aq): 1.3184849437784158e-05 mol
  KSO4[-1]: 5.3021645254381055e-06 mol
  HCO3[-1]: 1.9698305362936028e-06 mol
  MgCl[+1]: 5.045055048047546e-07 mol
  CaCl[+1]: 2.1624436016362506e-07 mol
  CaHCO3[+1]: 6.550157725053632e-08 mol
  NaCl(aq): 5.94530983347013e-08 mol
  MgHCO3[+1]: 4.0662446508976043e-08 mol
  MnCl[+1]: 2.599950946103106e-08 mol
  FeHCO3[+1]: 1.90792075840232e-08 mol
  HCl(aq): 6.838772080087991e-09 mol
  FeCl[+1]: 4.888527478466159e-09 mol
  NaHCO3(aq): 2.621398733017511e-09 mol
  KCl(aq): 1.2478583470299497e-09 mol
  SiHO3[-1]: 5.281591679257656e-10 mol
  MnHCO3[+1]: 5.036796694818819e-10 mol
  KHSO4(aq): 3.9176294187564684e-10 mol
  OH[-1]: 1.1519986249712005e-10 mol
  CaCl2(aq): 6.504726871104682e-11 mol
  NaSiHO3(aq): 2.315133359908963e-11 mol
  CaCO3(aq): 4.759452703825412e-12 mol
  H2SO4(aq): 4.2957965728219494e-12 mol
  CO3[-2]: 1.4771278592858405e-12 mol
  MgCO3(aq): 1.3759474785844985e-12 mol
  MnCO3(aq): 8.604204997049601e-13 mol
  FeCO3(aq): 7.668610164068619e-13 mol
  NaOH(aq): 1.8404765639461545e-14 mol
  FeCl2(aq): 6.708669892680753e-15 mol
  KOH(aq): 4.2173606983614636e-15 mol
  NaCO3[-1]: 3.3969633730561218e-15 mol
  Mn2OH[+3]: 1.4532346857734372e-15 mol
  MnCl3[-1]: 5.296990088500387e-16 mol
  Fe(OH)2(aq): 4.618275744986431e-18 mol
  Si(HO2)2[-2]: 8.720066818374354e-19 mol
  Mn(OH)2(aq): 2.110930564095547e-19 mol
  Si2H7O8[-1]: 1.0659331950153245e-19 mol
  FeCl4[-2]: 3.714703419705713e-21 mol
  Mn2(OH)3[+1]: 1.6883377537568037e-21 mol
  Fe(OH)3[-1]: 2.194520732451713e-24 mol
  Mn(OH)3[-1]: 2.3633811987394223e-27 mol
  H2(aq): 7.840967437626377e-29 mol
  SiH3O4[-1]: 4.682631625392051e-33 mol
  HClO(aq): 8.79203544570844e-34 mol
  Fe(OH)4[-2]: 3.774381941813703e-35 mol
  O2(aq): 9.985659931019246e-37 mol
  Mn(OH)4[-2]: 3.442230384985141e-37 mol
  ClO[-1]: 2.8309558908063386e-37 mol
volume: 1.0 l
temperature: 298.15 K
pressure: 1 atm
pH: 3.940081264823739
pE: 8.5
balance_charge: auto
solvent: H2O(aq)
default_diffusion_coeff: 1.6106e-09
log_level: ERROR
