'@module': pyEQL.solution
'@class': Solution
'@version': 1.3.2.post1.dev89+g8391a3291
solutes:
  H2O(aq): 55.34305417056822 mol
  SO4[-2]: 0.009163917285437327 mol
  Ca[+2]: 0.006347604521984806 mol
  CaSO4(aq): 0.0026862226157368368 mol
  S[-0.4]: 0.0026706252253874438 mol
  Mg[+2]: 0.0024302562020361296 mol
  MgSO4(aq): 0.0014125277534167498 mol
  Na[+1]: 0.0009442723531859107 mol
  Cl[-1]: 0.00023362918796679917 mol
  H[+1]: 0.00015098043565394808 mol
  SiO2(aq): 0.00014625159681779033 mol
  HSO4[-1]: 6.625010865635377e-05 mol
  NaSO4[-1]: 2.5950095574718625e-05 mol
  MgCl[+1]: 2.2991886801398412e-07 mol
  CaCl[+1]: 2.170125726490524e-07 mol
  NaCl(aq): 2.602989079006453e-08 mol
  HCl(aq): 5.55457764157031e-09 mol
  S[-0.5]: 5.1715715245838e-09 mol
  SiHO3[-1]: 1.5589245142606017e-10 mol
  OH[-1]: 9.015630029244735e-11 mol
  CaCl2(aq): 4.0034473379341727e-11 mol
  H2SO4(aq): 6.694554262174458e-12 mol
  CaOH[+1]: 5.827733428008563e-12 mol
  NaSiHO3(aq): 4.711043925494519e-12 mol
  NaOH(aq): 9.920023502955432e-15 mol
  S[-0.66666667]: 6.0809409556621205e-15 mol
  H2S(aq): 1.7748699973052754e-15 mol
  HS[-1]: 1.6304128647199825e-18 mol
  Si(HO2)2[-2]: 2.0899275980037957e-19 mol
  S[-1]: 4.237446899635916e-21 mol
  Si2H7O8[-1]: 1.3741497509074695e-21 mol
  S[-2]: 2.575415864801026e-27 mol
  H2(aq): 1.3248048590027795e-28 mol
  HClO(aq): 4.215566177084175e-34 mol
  SiH3O4[-1]: 4.446281263149396e-35 mol
  MgOH[+1]: 3.084695532655954e-35 mol
  O2(aq): 3.4711256328230478e-37 mol
  ClO[-1]: 1.0613134026742094e-37 mol
  ClO2[-1]: 0.0 mol
  ClO3[-1]: 0.0 mol
  ClO4[-1]: 0.0 mol
  HClO2(aq): 0.0 mol
volume: 1.0002432455962582 l
temperature: 298.15 K
pressure: 1 atm
pH: 3.8211849531803104
pE: 8.5
charge_balance: '-2.2424894954593064e-06'
solvent: H2O(aq)
engine: native
