'@module': pyEQL.solution
'@class': Solution
'@version': 1.5.1.dev50+geb84b2d8f
solutes:
  H2O(aq): 55.34457593619076 mol
  SO4[-2]: 0.021479821148029318 mol
  Na[+1]: 0.01845078487181301 mol
  Ca[+2]: 0.014517705080923664 mol
  Cl[-1]: 0.007790775604890188 mol
  CaSO4(aq): 0.006850265706766123 mol
  Mg[+2]: 0.0024299440953353658 mol
  MgSO4(aq): 0.0023145710424609806 mol
  NaSO4[-1]: 0.0009541384568697446 mol
  NO3[-1]: 0.0009203333057981372 mol
  K[+1]: 0.000837295344432159 mol
  F[-1]: 0.0003119395696119362 mol
  HCO3[-1]: 0.0002769938703274109 mol
  O2(aq): 0.000261746980979954 mol
  KSO4[-1]: 5.1870976821495886e-05 mol
  CaNO3[+1]: 2.7178997020215316e-05 mol
  CaHCO3[+1]: 1.9723835188988343e-05 mol
  NaCl(aq): 1.5172640773113241e-05 mol
  CO2(aq): 1.4097083891960538e-05 mol
  CaCl[+1]: 9.72986828813868e-06 mol
  CaF[+1]: 9.438553828373241e-06 mol
  MgF[+1]: 8.282266176422066e-06 mol
  MgCl[+1]: 6.623763050831092e-06 mol
  CaCO3(aq): 4.665114650838439e-06 mol
  NaHCO3(aq): 4.4771042162920594e-06 mol
  MgHCO3[+1]: 3.572809160758819e-06 mol
  CO3[-2]: 8.901556111515753e-07 mol
  OH[-1]: 4.323297308880962e-07 mol
  MgCO3(aq): 3.9353545890069995e-07 mol
  NaF(aq): 3.7348725389232574e-07 mol
  KCl(aq): 1.2900418336119442e-07 mol
  CaCl2(aq): 5.354617636237582e-08 mol
  HSO4[-1]: 2.891952944945555e-08 mol
  H[+1]: 2.8668451020657384e-08 mol
  NaCO3[-1]: 2.1688269972654374e-08 mol
  NaOH(aq): 8.349385614205538e-10 mol
  KOH(aq): 7.750269355429324e-11 mol
  HCl(aq): 3.843899813324962e-11 mol
  HNO3(aq): 1.057394139659229e-12 mol
  KHSO4(aq): 1.0252378976699439e-12 mol
  HF2[-1]: 7.977795818620049e-13 mol
  HF(aq): 2.8169594493794555e-16 mol
  NO2[-1]: 3.285229906814812e-17 mol
  H2SO4(aq): 6.112240449589379e-19 mol
  ClO[-1]: 9.69370782734236e-20 mol
  HClO(aq): 8.053345393904195e-20 mol
  N2(aq): 7.310419916504638e-21 mol
  HNO2(aq): 1.2316712685065634e-21 mol
  ClO3[-1]: 1.8215900269478383e-25 mol
  ClO4[-1]: 1.0464713348100789e-25 mol
  HSO5[-1]: 2.5735885788939296e-29 mol
  ClO2[-1]: 1.5678378322892143e-29 mol
  HClO2(aq): 5.192631932353929e-34 mol
volume: 1.0 l
temperature: 298.15 K
pressure: 1 atm
pH: 7.619277722428899
pE: 8.5
balance_charge: auto
solvent: H2O(aq)
default_diffusion_coeff: 1.6106e-09
log_level: ERROR
