'@module': pyEQL.solution
'@class': Solution
'@version': src
solutes:
  H2O(aq): 55.34457593619076 mol
  Na[+1]: 0.02186313952514077 mol
  SO4[-2]: 0.013378680720095903 mol
  S[-0.4]: 0.0013784475912703472 mol
  Ni[+2]: 0.0011347092046791775 mol
  Zn[+2]: 0.0009398709383967074 mol
  NaSO4[-1]: 0.0007982813201109991 mol
  H[+1]: 0.0007308577530058424 mol
  ZnSO4(aq): 0.0005396671254035572 mol
  F[-1]: 0.0005249735975410582 mol
  Cr[+3]: 0.0004638923671924586 mol
  HSO4[-1]: 0.00042563905075456674 mol
  NiSO4(aq): 0.0004256025168049905 mol
  K[+1]: 0.00034294108428249394 mol
  KSO4[-1]: 1.5123803476357988e-05 mol
  Cr3(OH)4[+5]: 5.873157706738343e-06 mol
  CrOH[+2]: 5.390909803749307e-06 mol
  ZnF[+1]: 3.4373067079360192e-06 mol
  NaF(aq): 8.335538018762637e-07 mol
  HF(aq): 4.3424022930040133e-07 mol
  Cr(OH)2[+1]: 7.050759342736853e-08 mol
  HF2[-1]: 5.292045020712048e-08 mol
  KHSO4(aq): 6.94656488951537e-09 mol
  S[-0.5]: 3.04025044990545e-09 mol
  H2SO4(aq): 2.0905450033780092e-10 mol
  OH[-1]: 1.8542106592818866e-11 mol
  Cr(OH)3(aq): 4.617631527598192e-13 mol
  Ni2OH[+3]: 5.3159893589654567e-14 mol
  NaOH(aq): 4.7488598013812716e-14 mol
  H2S(aq): 3.66263073967705e-14 mol
  Zn(OH)2(aq): 5.474983539350013e-15 mol
  S[-0.66666667]: 4.071618944196257e-15 mol
  KOH(aq): 1.5361854871577182e-15 mol
  Ni(OH)2(aq): 1.4394585862563482e-17 mol
  HS[-1]: 6.921060732898243e-18 mol
  Cr(OH)4[-1]: 3.5286790943940507e-19 mol
  S[-1]: 3.231544365759076e-21 mol
  Cr[+2]: 2.3835929681216047e-21 mol
  CrHO4[-1]: 4.40782632538037e-23 mol
  Zn(OH)3[-1]: 3.2574346193062986e-23 mol
  Ni(OH)3[-1]: 2.795065981215057e-25 mol
  CrO4[-2]: 3.789389243264884e-26 mol
  H2(aq): 3.1150182063298735e-27 mol
  S[-2]: 2.2394832769514327e-27 mol
  Cr(HO2)2(aq): 1.0487963290697474e-27 mol
  CrO4[-3]: 1.7113707084137987e-32 mol
  Zn(OH)4[-2]: 1.586380507568879e-32 mol
  O2(aq): 6.2836454454430885e-40 mol
volume: 1.0 l
temperature: 298.15 K
pressure: 1 atm
pH: 3.1361671416414327
pE: 8.5
balance_charge: auto
solvent: H2O(aq)
default_diffusion_coeff: 1.6106e-09
log_level: ERROR
