'@module': pyEQL.solution
'@class': Solution
'@version': 1.5.0
solutes:
  H2O(aq): 55.34457593619076 mol
  Cl[-1]: 0.9405592633194336 mol
  Na[+1]: 0.8168248177469267 mol
  NaCl(aq): 0.05428949798941252 mol
  Ca[+2]: 0.04547257461702165 mol
  Mg[+2]: 0.016105183972415237 mol
  K[+1]: 0.004362124493747236 mol
  MgCl[+1]: 0.003265294986390157 mol
  Br[-1]: 0.003119637388015164 mol
  HCO3[-1]: 0.002772476341439437 mol
  SO4[-2]: 0.0025178165332450965 mol
  NaSO4[-1]: 0.0019435804646334579 mol
  CaCl[+1]: 0.0018749222746004314 mol
  Sr[+2]: 0.001662637047880267 mol
  NaHCO3(aq): 0.001417994412562209 mol
  CaCl2(aq): 0.0008339583035328913 mol
  CaSO4(aq): 0.0005371088866867141 mol
  MgSO4(aq): 0.0004642658743305578 mol
  CaHCO3[+1]: 0.0003364266087281754 mol
  CO2(aq): 0.00027685711302128925 mol
  SrCl[+1]: 0.00015750281146604303 mol
  MgHCO3[+1]: 0.0001559014369415141 mol
  KCl(aq): 5.0878265200073215e-05 mol
  NaBr(aq): 4.788064807523876e-05 mol
  CaCO3(aq): 2.4278091876756678e-05 mol
  SrSO4(aq): 2.1993420007056828e-05 mol
  KSO4[-1]: 1.1646338317699327e-05 mol
  CO3[-2]: 6.2603510210832145e-06 mol
  MgCO3(aq): 5.239350165268956e-06 mol
  NaCO3[-1]: 2.932333375500235e-06 mol
  SrCO3(aq): 2.540139570540088e-07 mol
  OH[-1]: 1.8421992746795393e-07 mol
  H[+1]: 9.690129550591894e-08 mol
  KBr(aq): 9.56002732995393e-08 mol
  NaOH(aq): 1.0927030986190924e-08 mol
  HCl(aq): 1.0182067397316771e-08 mol
  HSO4[-1]: 4.361055406377578e-09 mol
  KOH(aq): 1.1179909869949563e-10 mol
  KHSO4(aq): 5.392355419475827e-13 mol
  H2SO4(aq): 2.1591842099433103e-19 mol
  O2(aq): 1.8826485983367152e-24 mol
  HBrO(aq): 6.74575417109079e-25 mol
  BrO[-1]: 5.249950732356878e-26 mol
  Br(aq): 1.743514416340058e-26 mol
  HClO(aq): 2.008332677367627e-27 mol
  Br3[-1]: 1.3176320254255483e-27 mol
  ClO[-1]: 1.0319540788005332e-27 mol
  H2(aq): 3.962646850826998e-35 mol
volume: 1.0 l
temperature: 298.15 K
pressure: 1 atm
pH: 7.013670416681837
pE: 8.5
balance_charge: auto
solvent: H2O(aq)
default_diffusion_coeff: 1.6106e-09
log_level: ERROR
