'@module': pyEQL.solution
'@class': Solution
'@version': 1.5.0
solutes:
  H2O(aq): 55.34457593619076 mol
  Cl[-1]: 0.9405640460006564 mol
  Na[+1]: 0.8170832843239388 mol
  NaCl(aq): 0.05430849058470827 mol
  Ca[+2]: 0.045238311191857276 mol
  Mg[+2]: 0.016075946123823834 mol
  K[+1]: 0.0043621122157411355 mol
  MgCl[+1]: 0.0032595820747348308 mol
  Br[-1]: 0.0031196211265138033 mol
  SO4[-2]: 0.002518916053585938 mol
  HCO3[-1]: 0.002148605116861579 mol
  NaSO4[-1]: 0.001945412436048778 mol
  CaCl[+1]: 0.0018654814411064756 mol
  Sr[+2]: 0.0016594976755809406 mol
  NaHCO3(aq): 0.001099266458985521 mol
  CaCl2(aq): 0.0008297872529288383 mol
  CaSO4(aq): 0.0005347292392955528 mol
  MgSO4(aq): 0.00046373533792826177 mol
  CaCO3(aq): 0.0003510873113891825 mol
  CaHCO3[+1]: 0.00025940273611784116 mol
  O2(aq): 0.00021244117205429766 mol
  SrCl[+1]: 0.0001572302634451293 mol
  MgHCO3[+1]: 0.00012060523746364186 mol
  CO3[-2]: 9.097699071007934e-05 mol
  MgCO3(aq): 7.601684548739938e-05 mol
  KCl(aq): 5.088102220422037e-05 mol
  NaBr(aq): 4.789690537974386e-05 mol
  NaCO3[-1]: 4.263354983487103e-05 mol
  SrSO4(aq): 2.196870867203051e-05 mol
  KSO4[-1]: 1.1653870580007498e-05 mol
  CO2(aq): 1.144158764828419e-05 mol
  SrCO3(aq): 3.685516253881881e-06 mol
  OH[-1]: 3.455020274372009e-06 mol
  NaOH(aq): 2.050030357889177e-07 mol
  KBr(aq): 9.560446921325156e-08 mol
  H[+1]: 5.166966205895047e-09 mol
  KOH(aq): 2.096853295315342e-09 mol
  HCl(aq): 5.42923298784053e-10 mol
  HSO4[-1]: 2.3267588368733578e-10 mol
  KHSO4(aq): 2.8770645384308936e-14 mol
  BrO[-1]: 5.576574909210376e-16 mol
  HBrO(aq): 3.820613700964084e-16 mol
  ClO[-1]: 1.0961680931997237e-17 mol
  HClO(aq): 1.137477317267461e-18 mol
  Br(aq): 5.265231582464311e-19 mol
  Br3[-1]: 3.9791442949249314e-20 mol
  H2SO4(aq): 6.142423677649961e-22 mol
  ClO3[-1]: 2.122202986252144e-23 mol
  ClO4[-1]: 1.2191681766517845e-23 mol
  BrO3[-1]: 9.204403945600345e-26 mol
  ClO2[-1]: 1.772916862853328e-27 mol
  HSO5[-1]: 2.0706145924274473e-31 mol
  HClO2(aq): 7.334220440168875e-33 mol
volume: 1.0 l
temperature: 298.15 K
pressure: 1 atm
pH: 8.286764378911334
pE: 8.5
balance_charge: auto
solvent: H2O(aq)
default_diffusion_coeff: 1.6106e-09
log_level: ERROR
