'@module': pyEQL.solution
'@class': Solution
'@version': src
solutes:
  H2O(aq): 55.34457593619076 mol
  Cl[-1]: 0.940709981771408 mol
  Na[+1]: 0.8142059911758835 mol
  NaCl(aq): 0.054131066898325406 mol
  Ca[+2]: 0.04546866410381254 mol
  Mg[+2]: 0.01610301034687631 mol
  K[+1]: 0.004362103814079569 mol
  MgCl[+1]: 0.0032651376040421427 mol
  Br[-1]: 0.0031197825464090727 mol
  HCO3[-1]: 0.0027749503582943555 mol
  NH4[+1]: 0.002594738388920596 mol
  SO4[-2]: 0.002520895813554946 mol
  NaSO4[-1]: 0.0019396418393883418 mol
  CaCl[+1]: 0.0018748237248731455 mol
  Sr[+2]: 0.001662620967708254 mol
  NaHCO3(aq): 0.0014149252829610106 mol
  CaCl2(aq): 0.0008340147164540682 mol
  CaSO4(aq): 0.0005375524291814023 mol
  MgSO4(aq): 0.0004646512909553719 mol
  B(OH)3(aq): 0.00045591818466616694 mol
  CaHCO3[+1]: 0.0003366632689663733 mol
  SiO2(aq): 0.00032605481274648734 mol
  CO2(aq): 0.00027707062337730944 mol
  SrCl[+1]: 0.00015749980726954826 mol
  MgHCO3[+1]: 0.00015601178703720663 mol
  Ba[+2]: 0.00014679605825776177 mol
  I[-1]: 0.00010923850075979808 mol
  S[-0.4]: 6.8610356265505e-05 mol
  KCl(aq): 5.088291654474901e-05 mol
  NaBr(aq): 4.77354918116239e-05 mol
  CaCO3(aq): 2.4294976294190563e-05 mol
  SrSO4(aq): 2.2012319255462157e-05 mol
  KSO4[-1]: 1.1657820417481986e-05 mol
  NaSiHO3(aq): 1.1533209985370164e-05 mol
  NH3(aq): 1.0805543317876264e-05 mol
  BaCl[+1]: 7.854096818464856e-06 mol
  CO3[-2]: 6.266975872024187e-06 mol
  MgCO3(aq): 5.243016797619085e-06 mol
  BO2[-1]: 4.814547666055918e-06 mol
  CaB(OH)4[+1]: 3.2555682570543543e-06 mol
  NaB(OH)4(aq): 3.1815963903729575e-06 mol
  NaCO3[-1]: 2.926009960113846e-06 mol
  MgB(OH)4[+1]: 1.8315745340925474e-06 mol
  NaI(aq): 1.076153902286458e-06 mol
  SiHO3[-1]: 6.866966679690109e-07 mol
  SrCO3(aq): 2.541991261566788e-07 mol
  OH[-1]: 1.8421929917006102e-07 mol
  H[+1]: 9.689780850175666e-08 mol
  KBr(aq): 9.559814294052993e-08 mol
  BaCO3(aq): 1.3554400624317799e-08 mol
  NaOH(aq): 1.0893506326263977e-08 mol
  HCl(aq): 1.0183372762068299e-08 mol
  KI(aq): 4.548359619844502e-09 mol
  HSO4[-1]: 4.3655155101182414e-09 mol
  BaB(OH)4[+1]: 3.6005335212340295e-09 mol
  S[-0.5]: 3.481482263326732e-10 mol
  KOH(aq): 1.1179252319049504e-10 mol
  Si(HO2)2[-2]: 3.720534161144956e-12 mol
  KHSO4(aq): 5.397628613468293e-13 mol
  Si2H7O8[-1]: 2.230995661535534e-13 mol
  I3[-1]: 2.5493716278916146e-14 mol
  NH4SO4[-1]: 4.079330308928973e-15 mol
  S[-0.66666667]: 1.0726977306647584e-15 mol
  IO[-1]: 1.885925033559149e-17 mol
  B2H5O6[-1]: 8.203249776632579e-19 mol
  SiH3O4[-1]: 8.167420910731262e-19 mol
  H2SO4(aq): 2.1613751679786765e-19 mol
  S[-1]: 1.9587353810737657e-21 mol
  HS[-1]: 4.892000222997434e-22 mol
  H2S(aq): 2.523118954016196e-22 mol
  IO3[-1]: 1.7158460366705416e-22 mol
  O2(aq): 1.8823112831522983e-24 mol
  HBrO(aq): 6.745703261505006e-25 mol
  BrO[-1]: 5.249953049022928e-26 mol
  Br(aq): 1.743564954444055e-26 mol
  S[-2]: 2.520333813564424e-27 mol
  HClO(aq): 2.0085458816614382e-27 mol
  Br[-0.33333333]: 1.3176998418593747e-27 mol
  ClO[-1]: 1.032071875263865e-27 mol
  HIO3(aq): 2.7922231882448777e-29 mol
  H2(aq): 3.9621115064223314e-35 mol
volume: 1.0 l
temperature: 298.15 K
pressure: 1 atm
pH: 7.01368604509946
pE: 8.5
balance_charge: auto
solvent: H2O(aq)
default_diffusion_coeff: 1.6106e-09
log_level: ERROR
