'@module': pyEQL.solution
'@class': Solution
'@version': src
solutes:
  H2O(aq): 54.466726757856634 mol
  Cl[-1]: 0.9495136424357764 mol
  Na[+1]: 0.831603591216894 mol
  NaCl(aq): 0.05707170754409925 mol
  Ca[+2]: 0.04609657268485559 mol
  Mg[+2]: 0.01108872409949116 mol
  S[-0.4]: 0.003143628487187256 mol
  MgCl[+1]: 0.00230214148128677 mol
  CaCl[+1]: 0.00194373230985189 mol
  CaCl2(aq): 0.0008860237299340178 mol
  K[+1]: 0.000646126858283284 mol
  HCO3[-1]: 0.0004303269558553639 mol
  SO4[-2]: 0.00035269254273417796 mol
  NaSO4[-1]: 0.00028235660973959447 mol
  NaHCO3(aq): 0.00022932318506152697 mol
  CaSO4(aq): 7.692148534662844e-05 mol
  CaHCO3[+1]: 5.365521355100124e-05 mol
  CO2(aq): 4.755977894348217e-05 mol
  MgSO4(aq): 4.521770223453943e-05 mol
  MgHCO3[+1]: 1.6909396648532565e-05 mol
  KCl(aq): 7.718752539391902e-06 mol
  CaCO3(aq): 3.488448609911282e-06 mol
  CO3[-2]: 8.791086356293531e-07 mol
  MgCO3(aq): 5.119783630916286e-07 mol
  NaCO3[-1]: 4.274066077081246e-07 mol
  KSO4[-1]: 2.4417130127413544e-07 mol
  OH[-1]: 1.633140556526506e-07 mol
  H[+1]: 1.0573725190133022e-07 mol
  CaOH[+1]: 2.4216427548426213e-08 mol
  HCl(aq): 1.1398398125547123e-08 mol
  NaOH(aq): 1.009067133276516e-08 mol
  S[-0.5]: 7.406723691685576e-09 mol
  HSO4[-1]: 6.746675960176995e-10 mol
  KOH(aq): 1.489930364021814e-11 mol
  KHSO4(aq): 1.2543804660142827e-14 mol
  S[-0.66666667]: 1.0596433911911139e-14 mol
  MgOH[+1]: 2.5686894424645436e-19 mol
  H2SO4(aq): 3.706239666412529e-20 mol
  S[-1]: 8.984182296783374e-21 mol
  HS[-1]: 1.151144384949477e-21 mol
  H2S(aq): 6.586017662328676e-22 mol
  O2(aq): 1.21570467538546e-24 mol
  S[-2]: 5.359846464078462e-27 mol
  HClO(aq): 1.8241419417920345e-27 mol
  ClO[-1]: 8.447686517252564e-28 mol
  H2(aq): 4.78699881547724e-35 mol
  ClO2[-1]: 0.0 mol
  ClO3[-1]: 0.0 mol
  ClO4[-1]: 0.0 mol
  HClO2(aq): 0.0 mol
volume: 0.999349961581632 l
temperature: 298.15 K
pressure: 1 atm
pH: 6.975489581152987
pE: 8.5
balance_charge: Na[+1]
solvent: H2O(aq)
engine: native
default_diffusion_coeff: 1.6106e-09
log_level: ERROR
