'@module': pyEQL.solution
'@class': Solution
'@version': 1.3.2.post1.dev89+g8391a3291
solutes:
  H2O(aq): 54.46678993223503 mol
  Cl[-1]: 0.9495137038908884 mol
  Na[+1]: 0.8316036534743889 mol
  NaCl(aq): 0.05707165272305622 mol
  Ca[+2]: 0.04609657589267803 mol
  Mg[+2]: 0.011088725951956296 mol
  S[-0.4]: 0.003143628487186068 mol
  MgCl[+1]: 0.0023021396442650882 mol
  CaCl[+1]: 0.001943730755789315 mol
  CaCl2(aq): 0.000886022112195461 mol
  K[+1]: 0.000646126865871585 mol
  HCO3[-1]: 0.0004303271487800407 mol
  SO4[-2]: 0.0003526926681313229 mol
  NaSO4[-1]: 0.00028235650632298174 mol
  NaHCO3(aq): 0.00022932304279879432 mol
  CaSO4(aq): 7.692147151723707e-05 mol
  CaHCO3[+1]: 5.365518890609869e-05 mol
  CO2(aq): 4.755975654129538e-05 mol
  MgSO4(aq): 4.521769417570844e-05 mol
  MgHCO3[+1]: 1.6909388908139183e-05 mol
  KCl(aq): 7.718745043095533e-06 mol
  CaCO3(aq): 3.48845102851911e-06 mol
  CO3[-2]: 8.791097701679777e-07 mol
  MgCO3(aq): 5.119787188561396e-07 mol
  NaCO3[-1]: 4.274068243358619e-07 mol
  KSO4[-1]: 2.441712092513614e-07 mol
  OH[-1]: 1.6331443233903786e-07 mol
  H[+1]: 1.0573726103456839e-07 mol
  CaOH[+1]: 2.421646188890465e-08 mol
  HCl(aq): 1.1398386509607135e-08 mol
  NaOH(aq): 1.0090684016999267e-08 mol
  S[-0.5]: 7.406724858327822e-09 mol
  HSO4[-1]: 6.746673094300511e-10 mol
  KOH(aq): 1.4899322210862996e-11 mol
  KHSO4(aq): 1.2543785793277986e-14 mol
  S[-0.66666667]: 1.0596437250029984e-14 mol
  MgOH[+1]: 2.568692157970301e-19 mol
  H2SO4(aq): 3.706233914388485e-20 mol
  S[-1]: 8.984186542119372e-21 mol
  HS[-1]: 1.151144189862116e-21 mol
  H2S(aq): 6.586009248818978e-22 mol
  O2(aq): 1.2157120222751037e-24 mol
  S[-2]: 5.359850444312462e-27 mol
  HClO(aq): 1.8241443120615537e-27 mol
  ClO[-1]: 8.447707016343783e-28 mol
  H2(aq): 4.786994634092296e-35 mol
  ClO2[-1]: 0.0 mol
  ClO3[-1]: 0.0 mol
  ClO4[-1]: 0.0 mol
  HClO2(aq): 0.0 mol
volume: 0.9993511035163933 l
temperature: 298.15 K
pressure: 1 atm
pH: 6.97549003989832
pE: 8.5
charge_balance: '2.5839689214950314e-06'
solvent: H2O(aq)
engine: native
