'@module': pyEQL.solution
'@class': Solution
'@version': 1.5.0
solutes:
  H2O(aq): 55.34457593619076 mol
  Cl[-1]: 0.9648495556754803 mol
  Na[+1]: 0.8348075556672978 mol
  NaCl(aq): 0.05683343192352755 mol
  Ca[+2]: 0.046948822436748874 mol
  Mg[+2]: 0.01660077668716237 mol
  K[+1]: 0.004479481238822026 mol
  MgCl[+1]: 0.003443113026088234 mol
  Br[-1]: 0.0032035124750744042 mol
  SO4[-2]: 0.0025638812575243344 mol
  NaSO4[-1]: 0.002006722920026621 mol
  CaCl[+1]: 0.00197623120984462 mol
  Sr[+2]: 0.0017051730152069008 mol
  CaCl2(aq): 0.0009003874747673221 mol
  CaSO4(aq): 0.0005580485772763505 mol
  MgSO4(aq): 0.000482559424965052 mol
  HCO3[-1]: 0.00021814070421365028 mol
  O2(aq): 0.00021130337431822903 mol
  SrCl[+1]: 0.0001646363489014175 mol
  NaHCO3(aq): 0.00011396170721797437 mol
  KCl(aq): 5.346771670882258e-05 mol
  NaBr(aq): 5.017610471841727e-05 mol
  CaHCO3[+1]: 2.7223326613395147e-05 mol
  SrSO4(aq): 2.2661328481993696e-05 mol
  MgHCO3[+1]: 1.2620464712340642e-05 mol
  KSO4[-1]: 1.2071064628328829e-05 mol
  CO2(aq): 1.1380308507346662e-05 mol
  CaCO3(aq): 3.7415566753076004e-06 mol
  CO3[-2]: 9.443401797573449e-07 mol
  MgCO3(aq): 8.077734512751015e-07 mol
  NaCO3[-1]: 4.4908271499023027e-07 mol
  OH[-1]: 3.5092352471492566e-07 mol
  KBr(aq): 1.005697439097344e-07 mol
  H[+1]: 5.079385770646371e-08 mol
  SrCO3(aq): 3.882203424258272e-08 mol
  NaOH(aq): 2.125280522516177e-08 mol
  HCl(aq): 5.476207421766315e-09 mol
  HSO4[-1]: 2.31330212114632e-09 mol
  KOH(aq): 2.1828489150407165e-10 mol
  KHSO4(aq): 2.932959822564426e-13 mol
  HBrO(aq): 3.8576949103011016e-15 mol
  BrO[-1]: 5.721121411810675e-16 mol
  Br(aq): 5.37212050170583e-17 mol
  HClO(aq): 1.1473189197924866e-17 mol
  ClO[-1]: 1.123407817325571e-17 mol
  Br3[-1]: 4.165196376175217e-18 mol
  H2SO4(aq): 6.010379274835479e-20 mol
  ClO3[-1]: 2.1758501569410185e-23 mol
  ClO4[-1]: 1.2499875297932994e-23 mol
  BrO3[-1]: 9.446938135147751e-26 mol
  ClO2[-1]: 1.816973761190167e-27 mol
  HSO5[-1]: 2.0586392765893884e-30 mol
  HClO2(aq): 7.397677074694528e-32 mol
volume: 1.0 l
temperature: 298.15 K
pressure: 1 atm
pH: 7.294188801997013
pE: 8.5
balance_charge: auto
solvent: H2O(aq)
default_diffusion_coeff: 1.6106e-09
log_level: ERROR
