'@module': pyEQL.solution
'@class': Solution
'@version': 1.5.0
solutes:
  H2O(aq): 55.34457593619076 mol
  Cl[-1]: 0.9648530601396359 mol
  Na[+1]: 0.8347271095366302 mol
  NaCl(aq): 0.05682833280014664 mol
  Ca[+2]: 0.04695842783690585 mol
  Mg[+2]: 0.016604235074558688 mol
  K[+1]: 0.004479480794861753 mol
  MgCl[+1]: 0.003443863036153553 mol
  Br[-1]: 0.003203517086270419 mol
  SO4[-2]: 0.002563843928614637 mol
  NaSO4[-1]: 0.002006534677045723 mol
  CaCl[+1]: 0.0019766630989832036 mol
  Sr[+2]: 0.0017051885252610552 mol
  CaCl2(aq): 0.0009005902139804967 mol
  CaSO4(aq): 0.0005581688602886197 mol
  MgSO4(aq): 0.00048266309293743903 mol
  O2(aq): 0.0002113058325972841 mol
  SrCl[+1]: 0.00016464073136624079 mol
  HCO3[-1]: 0.00015085912075786179 mol
  NaHCO3(aq): 7.88047486860658e-05 mol
  KCl(aq): 5.3468173436204516e-05 mol
  NaBr(aq): 5.017149288199353e-05 mol
  SrSO4(aq): 2.266186374299358e-05 mol
  CaHCO3[+1]: 1.8830788406475526e-05 mol
  KSO4[-1]: 1.2071118417463823e-05 mol
  CO2(aq): 1.138044090454157e-05 mol
  MgHCO3[+1]: 8.729760863332817e-06 mol
  CaCO3(aq): 1.7898370821663224e-06 mol
  CO3[-2]: 4.516385122921415e-07 mol
  MgCO3(aq): 3.8641185268366795e-07 mol
  OH[-1]: 2.426872481160221e-07 mol
  NaCO3[-1]: 2.1475989007472326e-07 mol
  KBr(aq): 1.0057038246602256e-07 mol
  H[+1]: 7.344783112761537e-08 mol
  SrCO3(aq): 1.856761494229538e-08 mol
  NaOH(aq): 1.4696357360103017e-08 mol
  HCl(aq): 7.918609937812956e-09 mol
  HSO4[-1]: 3.3450271157013148e-09 mol
  KOH(aq): 1.5095927299371454e-10 mol
  KHSO4(aq): 4.241062350628258e-13 mol
  HBrO(aq): 5.5782244752818e-15 mol
  BrO[-1]: 5.721141178498418e-16 mol
  Br(aq): 1.1232605173034173e-16 mol
  HClO(aq): 1.659026092400856e-17 mol
  ClO[-1]: 1.12341416206134e-17 mol
  Br3[-1]: 8.709068026830162e-18 mol
  H2SO4(aq): 1.2567120321751891e-19 mol
  ClO3[-1]: 2.175860506327623e-23 mol
  ClO4[-1]: 1.2499934753333246e-23 mol
  BrO3[-1]: 9.446962354834291e-26 mol
  ClO2[-1]: 1.8169840230186433e-27 mol
  HSO5[-1]: 2.9767854958032322e-30 mol
  HClO2(aq): 1.0697059970294347e-31 mol
volume: 1.0 l
temperature: 298.15 K
pressure: 1 atm
pH: 7.132737104748005
pE: 8.5
balance_charge: auto
solvent: H2O(aq)
default_diffusion_coeff: 1.6106e-09
log_level: ERROR
