'@module': pyEQL.solution
'@class': Solution
'@version': 1.5.1.dev50+geb84b2d8f
solutes:
  H2O(aq): 55.34457593619076 mol
  Cl[-1]: 0.9648539588368183 mol
  Na[+1]: 0.834706636735975 mol
  NaCl(aq): 0.05682703414827909 mol
  Ca[+2]: 0.04696080605474442 mol
  Mg[+2]: 0.0166051100043721 mol
  K[+1]: 0.004479480679390797 mol
  MgCl[+1]: 0.0034440528865653775 mol
  Br[-1]: 0.0032035182609685612 mol
  SO4[-2]: 0.002563834684823551 mol
  NaSO4[-1]: 0.002006487074101908 mol
  CaCl[+1]: 0.0019767703020416765 mol
  Sr[+2]: 0.0017051914538409776 mol
  CaCl2(aq): 0.0009006405762721525 mol
  CaSO4(aq): 0.000558198803307577 mol
  MgSO4(aq): 0.0004826894163672018 mol
  O2(aq): 0.00021130647604431063 mol
  SrCl[+1]: 0.00016464175804732582 mol
  HCO3[-1]: 0.0001334486670716504 mol
  NaHCO3(aq): 6.970830131540574e-05 mol
  KCl(aq): 5.3468290259859066e-05 mol
  NaBr(aq): 5.017031802011683e-05 mol
  SrSO4(aq): 2.266199170651621e-05 mol
  CaHCO3[+1]: 1.6658430932806646e-05 mol
  KSO4[-1]: 1.2071134268412996e-05 mol
  CO2(aq): 1.1380475559102781e-05 mol
  MgHCO3[+1]: 7.722685056580255e-06 mol
  CaCO3(aq): 1.400623775265467e-06 mol
  CO3[-2]: 3.534064096722428e-07 mol
  MgCO3(aq): 3.0238400828890104e-07 mol
  OH[-1]: 2.146789807180846e-07 mol
  NaCO3[-1]: 1.680457622748135e-07 mol
  KBr(aq): 1.0057054540761056e-07 mol
  H[+1]: 6.815795788789539e-08 mol
  SrCO3(aq): 1.4529252413539658e-08 mol
  NaOH(aq): 1.299995398980427e-08 mol
  HCl(aq): 8.9517367463756e-09 mol
  HSO4[-1]: 3.781443495736188e-09 mol
  KOH(aq): 1.33537358319798e-10 mol
  KHSO4(aq): 4.794385453258952e-13 mol
  HBrO(aq): 6.306001837027963e-15 mol
  BrO[-1]: 5.721146272656809e-16 mol
  Br(aq): 1.4354772643543793e-16 mol
  HClO(aq): 1.8754762453474776e-17 mol
  ClO[-1]: 1.1234157968018156e-17 mol
  Br3[-1]: 1.1129813120893208e-17 mol
  H2SO4(aq): 1.6060219078867963e-19 mol
  ClO3[-1]: 2.175863168651047e-23 mol
  ClO4[-1]: 1.249995004791164e-23 mol
  BrO3[-1]: 9.446968578761374e-26 mol
  ClO2[-1]: 1.816986667010052e-27 mol
  HSO5[-1]: 3.365158416345715e-30 mol
  HClO2(aq): 1.2092686161621466e-31 mol
volume: 1.0 l
temperature: 298.15 K
pressure: 1 atm
pH: 7.252203847674159
pE: 8.5
balance_charge: auto
solvent: H2O(aq)
default_diffusion_coeff: 1.6106e-09
log_level: ERROR
