'@module': pyEQL.solution
'@class': Solution
'@version': 1.5.1.dev50+geb84b2d8f
solutes:
  H2O(aq): 55.34457593619076 mol
  Cl[-1]: 0.9648519858841746 mol
  Na[+1]: 0.8347516771858808 mol
  NaCl(aq): 0.05682988999441296 mol
  Ca[+2]: 0.04695553881302715 mol
  Mg[+2]: 0.01660318268617043 mol
  K[+1]: 0.004479480932162179 mol
  MgCl[+1]: 0.003443634732303311 mol
  Br[-1]: 0.0032035156778772575 mol
  SO4[-2]: 0.002563855147949694 mol
  NaSO4[-1]: 0.0020065919356623265 mol
  CaCl[+1]: 0.0019765330192560997 mol
  Sr[+2]: 0.0017051844571411199 mol
  CaCl2(aq): 0.000900529124675376 mol
  CaSO4(aq): 0.0005581325741976063 mol
  MgSO4(aq): 0.00048263148121764827 mol
  O2(aq): 0.000211305070935011 mol
  HCO3[-1]: 0.0001715875845636425 mol
  SrCl[+1]: 0.00016463945127098744 mol
  NaHCO3(aq): 8.963535254398185e-05 mol
  KCl(aq): 5.346803353285256e-05 mol
  NaBr(aq): 5.017290147127778e-05 mol
  SrSO4(aq): 2.266170564335698e-05 mol
  CaHCO3[+1]: 2.14168189264056e-05 mol
  KSO4[-1]: 1.2071100524942124e-05 mol
  CO2(aq): 1.1380399883182095e-05 mol
  MgHCO3[+1]: 9.928613339043674e-06 mol
  CaCO3(aq): 2.3153388677903183e-06 mol
  CO3[-2]: 5.842810190691498e-07 mol
  MgCO3(aq): 4.998633430213846e-07 mol
  NaCO3[-1]: 2.778400578040717e-07 mol
  OH[-1]: 2.760332286063783e-07 mol
  KBr(aq): 1.0057018707531521e-07 mol
  H[+1]: 6.457491811956684e-08 mol
  SrCO3(aq): 2.4020518958450257e-08 mol
  NaOH(aq): 1.6716164889161085e-08 mol
  HCl(aq): 6.9619909069149215e-09 mol
  HSO4[-1]: 2.940929653285728e-09 mol
  KOH(aq): 1.717013467476271e-10 mol
  KHSO4(aq): 3.7287156755579424e-13 mol
  HBrO(aq): 4.904342371202724e-15 mol
  BrO[-1]: 5.721135102949285e-16 mol
  Br(aq): 8.68261486961973e-17 mol
  HClO(aq): 1.458605065830466e-17 mol
  ClO[-1]: 1.1234122121574244e-17 mol
  Br3[-1]: 6.731956264586987e-18 mol
  H2SO4(aq): 9.714177210519067e-20 mol
  ClO3[-1]: 2.1758573284404473e-23 mol
  ClO4[-1]: 1.2499916496932457e-23 mol
  BrO3[-1]: 9.446954922229547e-26 mol
  ClO2[-1]: 1.8169808692893268e-27 mol
  HSO5[-1]: 2.6171736231929548e-30 mol
  HClO2(aq): 9.404786298197833e-32 mol
volume: 1.0150566353814297 l
temperature: 298.15 K
pressure: 1 atm
pH: 7.196426410348632
pE: 8.5
balance_charge: auto
solvent: H2O(aq)
engine: native
default_diffusion_coeff: 1.6106e-09
log_level: ERROR
