'@module': pyEQL.solution
'@class': Solution
'@version': 1.5.0
solutes:
  H2O(aq): 55.34457593619076 mol
  Cl[-1]: 0.9647166130280403 mol
  Na[+1]: 0.8378053629595817 mol
  NaCl(aq): 0.057022772458417643 mol
  Ca[+2]: 0.04662092836531883 mol
  Mg[+2]: 0.016474951436016867 mol
  K[+1]: 0.004479502416806521 mol
  MgCl[+1]: 0.0034157464283282326 mol
  Br[-1]: 0.003203341094510684 mol
  HCO3[-1]: 0.0028485857254700263 mol
  SO4[-2]: 0.0025651062456501913 mol
  NaSO4[-1]: 0.0020135325231153568 mol
  CaCl[+1]: 0.0019613576812238156 mol
  Sr[+2]: 0.0017050218900424648 mol
  NaHCO3(aq): 0.001493448269360563 mol
  CaCl2(aq): 0.0008933798739360977 mol
  CaSO4(aq): 0.0005538593632633029 mol
  MgSO4(aq): 0.00047873325397648867 mol
  CaHCO3[+1]: 0.00035289623987797274 mol
  CO2(aq): 0.00022480337646217275 mol
  SrCl[+1]: 0.00016450878483389701 mol
  MgHCO3[+1]: 0.00016352963999974717 mol
  KCl(aq): 5.3449912728197766e-05 mol
  NaBr(aq): 5.0347510299773714e-05 mol
  CaCO3(aq): 3.205097530810211e-05 mol
  SrSO4(aq): 2.2644210531545948e-05 mol
  KSO4[-1]: 1.206778955380175e-05 mol
  CO3[-2]: 8.153580312158675e-06 mol
  MgCO3(aq): 6.916618044316957e-06 mol
  NaCO3[-1]: 3.889188581823684e-06 mol
  SrCO3(aq): 3.34820107099055e-07 mol
  OH[-1]: 2.3188604389827673e-07 mol
  KBr(aq): 1.0054473081709661e-07 mol
  H[+1]: 7.68537958549162e-08 mol
  NaOH(aq): 1.4092948030380308e-08 mol
  HCl(aq): 8.28484250439459e-09 mol
  HSO4[-1]: 3.4999634917447584e-09 mol
  KOH(aq): 1.4421823649786306e-10 mol
  KHSO4(aq): 4.436973568125494e-13 mol
  H2SO4(aq): 1.3760417513282084e-19 mol
  O2(aq): 4.693873107105315e-24 mol
  HBrO(aq): 8.701211762940836e-25 mol
  BrO[-1]: 8.52774979681728e-26 mol
  Br(aq): 1.8335513364834272e-26 mol
  HClO(aq): 2.5876134877126737e-27 mol
  ClO[-1]: 1.674380346194541e-27 mol
  Br3[-1]: 1.4214298555254633e-27 mol
  H2(aq): 2.486088160606177e-35 mol
volume: 1.0 l
temperature: 298.15 K
pressure: 1 atm
pH: 7.114334677570445
pE: 8.5
balance_charge: auto
solvent: H2O(aq)
default_diffusion_coeff: 1.6106e-09
log_level: ERROR
