'@module': pyEQL.solution
'@class': Solution
'@version': 1.5.0
solutes:
  H2O(aq): 55.34457593619076 mol
  Cl[-1]: 0.9647235425725146 mol
  Na[+1]: 0.8380312342619174 mol
  NaCl(aq): 0.05704006438763136 mol
  Ca[+2]: 0.046385772978073316 mol
  Mg[+2]: 0.016447081583068176 mol
  K[+1]: 0.004479489606730654 mol
  MgCl[+1]: 0.0034102025861093917 mol
  Br[-1]: 0.00320332641497007 mol
  SO4[-2]: 0.0025662073361147914 mol
  HCO3[-1]: 0.002176051776576974 mol
  NaSO4[-1]: 0.0020153340034173325 mol
  CaCl[+1]: 0.001951702722711107 mol
  Sr[+2]: 0.0017018055479900516 mol
  NaHCO3(aq): 0.0011411643101308785 mol
  CaCl2(aq): 0.0008890125490133142 mol
  CaSO4(aq): 0.0005514658652547881 mol
  MgSO4(aq): 0.0004782449780846916 mol
  CaCO3(aq): 0.0003677953038514674 mol
  CaHCO3[+1]: 0.00026824412375045536 mol
  O2(aq): 0.00021123893279348485 mol
  SrCl[+1]: 0.00016422553032663715 mol
  MgHCO3[+1]: 0.0001247146165599328 mol
  CO3[-2]: 9.401464106239853e-05 mol
  MgCO3(aq): 7.963361159870982e-05 mol
  KCl(aq): 5.345288015758827e-05 mol
  NaBr(aq): 5.0362185440412534e-05 mol
  NaCO3[-1]: 4.4863503155209074e-05 mol
  SrSO4(aq): 2.261887646918876e-05 mol
  KSO4[-1]: 1.2075595143878305e-05 mol
  CO2(aq): 1.1376837836635947e-05 mol
  SrCO3(aq): 3.854527711489821e-06 mol
  OH[-1]: 3.500705297499995e-06 mol
  NaOH(aq): 2.128165978307882e-07 mol
  KBr(aq): 1.0054912983220378e-07 mol
  H[+1]: 5.091045694935734e-09 mol
  KOH(aq): 2.1772899039051362e-09 mol
  HCl(aq): 5.48809582377758e-10 mol
  HSO4[-1]: 2.3198379493756576e-10 mol
  KHSO4(aq): 2.940975956447441e-14 mol
  BrO[-1]: 5.720474696526236e-16 mol
  HBrO(aq): 3.8663500718693825e-16 mol
  ClO[-1]: 1.123199357971587e-17 mol
  HClO(aq): 1.149809656081877e-18 mol
  Br(aq): 5.396813774759733e-19 mol
  Br3[-1]: 4.183829527758954e-20 mol
  H2SO4(aq): 6.041566526969457e-22 mol
  ClO3[-1]: 2.175499279288975e-23 mol
  ClO4[-1]: 1.249785956772267e-23 mol
  BrO3[-1]: 9.446099829041856e-26 mol
  ClO2[-1]: 1.8166366038635145e-27 mol
  HSO5[-1]: 2.064455599747087e-31 mol
  HClO2(aq): 7.413736831427494e-33 mol
volume: 1.0 l
temperature: 298.15 K
pressure: 1 atm
pH: 8.293193004913284
pE: 8.5
balance_charge: auto
solvent: H2O(aq)
default_diffusion_coeff: 1.6106e-09
log_level: ERROR
