'@module': pyEQL.solution
'@class': Solution
'@version': 1.3.2.post1.dev89+g8391a3291
solutes:
  H2O(aq): 55.20994919857071 mol
  Cl[-1]: 0.13818789890580607 mol
  Na[+1]: 0.1353078182203646 mol
  HCO3[-1]: 0.002942677216502021 mol
  Ca[+2]: 0.002886861887736707 mol
  NaCl(aq): 0.0018273468209780532 mol
  S[-0.4]: 0.0004496848758843769 mol
  NaHCO3(aq): 0.00032546737212412385 mol
  CO2(aq): 0.00018767579479547506 mol
  CaHCO3[+1]: 3.676206259908405e-05 mol
  CaCl[+1]: 3.0044502672130316e-05 mol
  CO3[-2]: 8.105227008338181e-06 mol
  CaCO3(aq): 6.356280752480782e-06 mol
  CaCl2(aq): 2.6974922149816967e-06 mol
  NaCO3[-1]: 1.2465102979801857e-06 mol
  OH[-1]: 3.4099311710381645e-07 mol
  H[+1]: 4.5691590898680104e-08 mol
  CaOH[+1]: 5.2018712270363416e-09 mol
  NaOH(aq): 4.489946146471046e-09 mol
  S[-0.5]: 1.3442083389263348e-09 mol
  HCl(aq): 8.557233334859357e-10 mol
  S[-0.66666667]: 2.4398523846894637e-15 mol
  S[-1]: 2.624494997330747e-21 mol
  HS[-1]: 3.3681086256538983e-22 mol
  H2S(aq): 9.628699657520738e-23 mol
  O2(aq): 4.758421046123989e-23 mol
  S[-2]: 2.3411186616179234e-27 mol
  HClO(aq): 7.702834450012886e-28 mol
  ClO[-1]: 7.330352692453056e-28 mol
  H2(aq): 1.0837157608843413e-35 mol
  ClO2[-1]: 0.0 mol
  ClO3[-1]: 0.0 mol
  ClO4[-1]: 0.0 mol
  HClO2(aq): 0.0 mol
volume: 1.0002407422198851 l
temperature: 298.15 K
pressure: 1 atm
pH: 7.340268260765992
pE: 8.5
charge_balance: '2.536872420123251e-08'
solvent: H2O(aq)
engine: native
