'@module': pyEQL.solution
'@class': Solution
'@version': 1.5.1.dev50+geb84b2d8f
solutes:
  H2O(aq): 55.34457593619076 mol
  Cl[-1]: 0.11942405789480362 mol
  Na[+1]: 0.10749690504012493 mol
  Ca[+2]: 0.002736907415384843 mol
  Sr[+2]: 0.0021582510890802227 mol
  Li[+1]: 0.0014703329910442258 mol
  NaCl(aq): 0.0012766007801563136 mol
  Mg[+2]: 0.0006906177611002803 mol
  K[+1]: 0.0005979178760399681 mol
  SO4[-2]: 0.00034969704426437255 mol
  HCO3[-1]: 0.0003029774604154494 mol
  O2(aq): 0.000259561406175197 mol
  IO3[-1]: 0.0001811197196642482 mol
  Br[-1]: 0.0001533201670627724 mol
  SiO2(aq): 0.00014549031846624387 mol
  NaSO4[-1]: 8.035673417924371e-05 mol
  SrCl[+1]: 5.257785122077033e-05 mol
  NaHCO3(aq): 2.7019590653789936e-05 mol
  MgCl[+1]: 2.680065827482361e-05 mol
  CaCl[+1]: 2.5592429225586414e-05 mol
  SrSO4(aq): 1.710341460590199e-05 mol
  CaSO4(aq): 1.707914451224218e-05 mol
  CO2(aq): 1.3979373913952495e-05 mol
  MgSO4(aq): 8.876981910950204e-06 mol
  CaHCO3[+1]: 3.7212045731376276e-06 mol
  LiCl(aq): 3.390219697463427e-06 mol
  NaSiHO3(aq): 2.3804649529200944e-06 mol
  CaCl2(aq): 2.033971521568315e-06 mol
  KCl(aq): 1.3234877081621964e-06 mol
  CO3[-2]: 1.1291536980115498e-06 mol
  MgHCO3[+1]: 1.0369029827183932e-06 mol
  LiSO4[-1]: 1.0188982310246888e-06 mol
  CaCO3(aq): 9.142009863453127e-07 mol
  SiHO3[-1]: 8.103756389309874e-07 mol
  KSO4[-1]: 5.32669085581833e-07 mol
  OH[-1]: 4.740433009068169e-07 mol
  NaBr(aq): 4.3580158763817115e-07 mol
  SrCO3(aq): 2.339219606164454e-07 mol
  NaCO3[-1]: 1.4356760515281472e-07 mol
  MgCO3(aq): 1.1863131850193737e-07 mol
  H[+1]: 2.685738768025027e-08 mol
  NaOH(aq): 5.038903956837423e-09 mol
  LiOH(aq): 9.879868677084404e-10 mol
  KBr(aq): 9.625787270821927e-10 mol
  HCl(aq): 5.344100376424722e-10 mol
  HSO4[-1]: 4.024488741545605e-10 mol
  KOH(aq): 5.703225534329976e-11 mol
  HIO3(aq): 1.1471023069528094e-11 mol
  Si(HO2)2[-2]: 6.800348605973031e-12 mol
  Si2H7O8[-1]: 4.3083360416042564e-14 mol
  KHSO4(aq): 9.598596451368571e-15 mol
  HBrO(aq): 1.4556710226508106e-16 mol
  I[-1]: 9.058127094449322e-17 mol
  IO4[-1]: 5.763818904729136e-17 mol
  BrO[-1]: 2.910896882142839e-17 mol
  ClO[-1]: 1.478231514296681e-18 mol
  HClO(aq): 1.1196412040150032e-18 mol
  IO[-1]: 1.764345141974945e-19 mol
  NaI(aq): 1.657713639076188e-19 mol
  SiH3O4[-1]: 9.244225298761159e-20 mol
  Br(aq): 7.425969325232105e-20 mol
  H2SO4(aq): 7.75478820659642e-21 mol
  KI(aq): 7.727327485541771e-22 mol
  Br3[-1]: 2.9294661697711384e-22 mol
  ClO3[-1]: 2.7846198808103105e-24 mol
  ClO4[-1]: 1.5997149965147437e-24 mol
  BrO3[-1]: 4.674860421255641e-27 mol
  ClO2[-1]: 2.3908573832391615e-28 mol
  HSO5[-1]: 3.5814477131210884e-31 mol
  HClO2(aq): 7.219216840181733e-33 mol
volume: 1.0 l
temperature: 298.15 K
pressure: 1 atm
pH: 7.653169281292415
pE: 8.5
balance_charge: auto
solvent: H2O(aq)
default_diffusion_coeff: 1.6106e-09
log_level: ERROR
