'@module': pyEQL.solution
'@class': Solution
'@version': src
solutes:
  H2O(aq): 55.34457593619076 mol
  Na[+1]: 0.11597166510968196 mol
  Cl[-1]: 0.11099549118143211 mol
  HCO3[-1]: 0.01528435780474508 mol
  Ca[+2]: 0.002743791840146731 mol
  Sr[+2]: 0.00233162212505516 mol
  NaHCO3(aq): 0.0014613615342899762 mol
  NaCl(aq): 0.0012712408786211052 mol
  CO2(aq): 0.0008270285530168767 mol
  CaHCO3[+1]: 0.00018629411871723723 mol
  SrCl[+1]: 5.213951255592907e-05 mol
  CO3[-2]: 4.884700873497498e-05 mol
  CaCO3(aq): 3.874929171424914e-05 mol
  CaCl[+1]: 2.3589620118911476e-05 mol
  SrCO3(aq): 1.0667134613967195e-05 mol
  NaCO3[-1]: 6.615399626096382e-06 mol
  CaCl2(aq): 1.730497822818451e-06 mol
  OH[-1]: 4.038954380852532e-07 mol
  H[+1]: 3.8267363576006704e-08 mol
  NaOH(aq): 4.601469151344473e-09 mol
  HCl(aq): 5.826189384829072e-10 mol
  O2(aq): 9.687398472104689e-23 mol
  ClO[-1]: 8.392658216826077e-28 mol
  HClO(aq): 7.461312525180072e-28 mol
  H2(aq): 7.665868689182456e-36 mol
volume: 1.0 l
temperature: 298.15 K
pressure: 1 atm
pH: 7.417171457394866
pE: 8.5
balance_charge: auto
solvent: H2O(aq)
default_diffusion_coeff: 1.6106e-09
log_level: ERROR
