'@module': pyEQL.solution
'@class': Solution
'@version': 1.5.0
solutes:
  H2O(aq): 55.34457593619076 mol
  Na[+1]: 0.11427267359132501 mol
  Cl[-1]: 0.11334188107706508 mol
  HCO3[-1]: 0.014564253804346854 mol
  Ca[+2]: 0.002738793738273284 mol
  Sr[+2]: 0.002313435924635249 mol
  Li[+1]: 0.0015802200839171814 mol
  NaHCO3(aq): 0.0013653322632095947 mol
  NaCl(aq): 0.0012721102146348116 mol
  NH4[+1]: 0.0008918416384517489 mol
  CO2(aq): 0.0007854609344244219 mol
  Mg[+2]: 0.0006932949501787951 mol
  K[+1]: 0.0006425982959529227 mol
  SO4[-2]: 0.00037387007628833686 mol
  I[-1]: 0.00019425956504788095 mol
  CaHCO3[+1]: 0.00017577350999875143 mol
  Br[-1]: 0.00016473728349912284 mol
  SiO2(aq): 0.0001567286287453173 mol
  NaSO4[-1]: 8.908572668835229e-05 mol
  SrCl[+1]: 5.230691681669778e-05 mol
  MgHCO3[+1]: 4.9349423133180944e-05 mol
  CO3[-2]: 4.690336537237536e-05 mol
  CaCO3(aq): 3.647057585039094e-05 mol
  MgCl[+1]: 2.5153560281139417e-05 mol
  CaCl[+1]: 2.383918680638402e-05 mol
  SrSO4(aq): 1.871932705658498e-05 mol
  CaSO4(aq): 1.7502382032177678e-05 mol
  NH3(aq): 1.1783172091435397e-05 mol
  SrCO3(aq): 9.966629018656739e-06 mol
  MgSO4(aq): 9.165801722899673e-06 mol
  NaCO3[-1]: 6.19601120023573e-06 mol
  MgCO3(aq): 4.76841856178875e-06 mol
  LiCl(aq): 3.4211600868123247e-06 mol
  NaSiHO3(aq): 2.3015317168899582e-06 mol
  CaCl2(aq): 1.776020364339912e-06 mol
  KCl(aq): 1.3317737899088975e-06 mol
  LiSO4[-1]: 1.1439118964934102e-06 mol
  SiHO3[-1]: 7.453493538465559e-07 mol
  KSO4[-1]: 5.963267046240068e-07 mol
  NaBr(aq): 4.916459508158495e-07 mol
  OH[-1]: 4.0496381267320056e-07 mol
  NaI(aq): 3.7327126188312516e-07 mol
  H[+1]: 3.830840195555156e-08 mol
  NaOH(aq): 4.522480843942713e-09 mol
  KI(aq): 1.7570546888894077e-09 mol
  KBr(aq): 1.0965812988052395e-09 mol
  LiOH(aq): 8.979822386886467e-10 mol
  HCl(aq): 5.931525756388493e-10 mol
  HSO4[-1]: 4.969569231411239e-10 mol
  KOH(aq): 5.1689474671793505e-11 mol
  Si(HO2)2[-2]: 5.413629224034713e-12 mol
  I3[-1]: 2.2428750780338395e-13 mol
  Si2H7O8[-1]: 4.2794615350884083e-14 mol
  KHSO4(aq): 1.2581671696885481e-14 mol
  NH4SO4[-1]: 5.063929998978342e-16 mol
  IO[-1]: 2.309981182104149e-16 mol
  IO3[-1]: 8.858775115820979e-20 mol
  SiH3O4[-1]: 7.153288466377337e-20 mol
  H2SO4(aq): 1.1211967212021994e-20 mol
  O2(aq): 9.677007958848319e-23 mol
  HBrO(aq): 1.1179968932792802e-25 mol
  BrO[-1]: 1.9094150059708973e-26 mol
  HIO3(aq): 6.569222057446944e-27 mol
  ClO[-1]: 8.564893022568213e-28 mol
  HClO(aq): 7.595602141867885e-28 mol
  Br(aq): 7.168916370732514e-29 mol
  Br3[-1]: 3.03508680362506e-31 mol
  H2(aq): 7.658875361908989e-36 mol
volume: 1.0 l
temperature: 298.15 K
pressure: 1 atm
pH: 7.41670596434063
pE: 8.5
balance_charge: auto
solvent: H2O(aq)
default_diffusion_coeff: 1.6106e-09
log_level: ERROR
