'@module': pyEQL.solution
'@class': Solution
'@version': 1.5.1.dev50+geb84b2d8f
solutes:
  H2O(aq): 55.34457593619076 mol
  Cl[-1]: 0.11935343427263626 mol
  Na[+1]: 0.10749163626211829 mol
  Ca[+2]: 0.002735769039947728 mol
  Sr[+2]: 0.002158176371896649 mol
  Li[+1]: 0.0014703347058699016 mol
  NaCl(aq): 0.0012757989757042206 mol
  Mg[+2]: 0.0006903797749848489 mol
  K[+1]: 0.000597918601175488 mol
  HCO3[-1]: 0.00036496443951536563 mol
  SO4[-2]: 0.0003497050863194663 mol
  O2(aq): 0.00025956189170676794 mol
  IO3[-1]: 0.0001811197216127852 mol
  Br[-1]: 0.00015332018301102436 mol
  SiO2(aq): 0.00014485440062179703 mol
  NaSO4[-1]: 8.035661314784558e-05 mol
  SrCl[+1]: 5.2546096813745356e-05 mol
  NaHCO3(aq): 3.254636928570165e-05 mol
  MgCl[+1]: 2.6775978215982938e-05 mol
  CaCl[+1]: 2.556714603951872e-05 mol
  SrSO4(aq): 1.710399055237189e-05 mol
  CaSO4(aq): 1.7073157640639123e-05 mol
  CO2(aq): 1.397940006355447e-05 mol
  MgSO4(aq): 8.8744657066178e-06 mol
  CaHCO3[+1]: 4.4807521950278215e-06 mol
  LiCl(aq): 3.388254809902264e-06 mol
  NaSiHO3(aq): 2.8548494060950405e-06 mol
  CaCl2(aq): 2.0307853613771036e-06 mol
  CO3[-2]: 1.6384323191553264e-06 mol
  CaCO3(aq): 1.3260321590758221e-06 mol
  KCl(aq): 1.322724350907482e-06 mol
  MgHCO3[+1]: 1.2486325367214043e-06 mol
  LiSO4[-1]: 1.0189461463654234e-06 mol
  SiHO3[-1]: 9.719059401096634e-07 mol
  OH[-1]: 5.710287984974645e-07 mol
  KSO4[-1]: 5.326956267116333e-07 mol
  NaBr(aq): 4.35785625570588e-07 mol
  SrCO3(aq): 3.3943002324091173e-07 mol
  NaCO3[-1]: 2.0831494869056756e-07 mol
  MgCO3(aq): 1.7208415043973115e-07 mol
  H[+1]: 2.694345494532923e-08 mol
  NaOH(aq): 6.069597096261362e-09 mol
  LiOH(aq): 1.1901344639540544e-09 mol
  KBr(aq): 9.62592880969106e-10 mol
  HCl(aq): 4.4338194089479997e-10 mol
  HSO4[-1]: 3.341075674877484e-10 mol
  KOH(aq): 6.870156366173331e-11 mol
  Si(HO2)2[-2]: 9.824342414039477e-12 mol
  HIO3(aq): 9.5227407347247e-12 mol
  Si2H7O8[-1]: 6.142924132007274e-14 mol
  KHSO4(aq): 7.968731148978374e-15 mol
  HBrO(aq): 1.2084357906088816e-16 mol
  I[-1]: 9.058116870269158e-17 mol
  IO4[-1]: 5.763815887464493e-17 mol
  BrO[-1]: 2.9109005018692244e-17 mol
  ClO[-1]: 1.4773590182238988e-18 mol
  HClO(aq): 9.28928454135958e-19 mol
  SiH3O4[-1]: 1.9124429198167552e-19 mol
  IO[-1]: 1.764345160956323e-19 mol
  NaI(aq): 1.6576508786698047e-19 mol
  Br(aq): 5.117687978479555e-20 mol
  H2SO4(aq): 5.344478562609748e-21 mol
  KI(aq): 7.727431583206615e-22 mol
  Br3[-1]: 2.018876303520917e-22 mol
  ClO3[-1]: 2.7829748288037858e-24 mol
  ClO4[-1]: 1.5987699431581576e-24 mol
  BrO3[-1]: 4.6748637369773046e-27 mol
  ClO2[-1]: 2.389446228317102e-28 mol
  HSO5[-1]: 2.973269054433796e-31 mol
  HClO2(aq): 5.9895401449809075e-33 mol
volume: 1.0018831753668387 l
temperature: 298.15 K
pressure: 1 atm
pH: 7.570363799240536
pE: 8.5
balance_charge: auto
solvent: H2O(aq)
engine: native
default_diffusion_coeff: 1.6106e-09
log_level: ERROR
