'@module': pyEQL.solution
'@class': Solution
'@version': 1.5.0
solutes:
  H2O(aq): 55.34457593619076 mol
  Na[+1]: 0.10646859879563375 mol
  Cl[-1]: 0.10456106915363657 mol
  HCO3[-1]: 0.013730956721047887 mol
  Ca[+2]: 0.0025487527981910185 mol
  Sr[+2]: 0.002153410017473097 mol
  Li[+1]: 0.001470739698983558 mol
  NaHCO3(aq): 0.0012152810143195945 mol
  NaCl(aq): 0.0011095107315202389 mol
  Mg[+2]: 0.0006474094121300634 mol
  K[+1]: 0.0005980731598634827 mol
  CO2(aq): 0.0005933373584555128 mol
  SO4[-2]: 0.00035106246911191893 mol
  I[-1]: 0.0001807897538855253 mol
  CaHCO3[+1]: 0.00015757077915194386 mol
  Br[-1]: 0.00015332335651974075 mol
  SiO2(aq): 0.00014529659053887016 mol
  NaSO4[-1]: 8.025809318229634e-05 mol
  CO3[-2]: 5.454447072639577e-05 mol
  SrCl[+1]: 4.6116822530011065e-05 mol
  MgHCO3[+1]: 4.416359283970356e-05 mol
  CaCO3(aq): 4.143221992702762e-05 mol
  MgCl[+1]: 2.205719021794399e-05 mol
  CaCl[+1]: 2.09402615159538e-05 mol
  SrSO4(aq): 1.7274722543915115e-05 mol
  CaSO4(aq): 1.6091940464222404e-05 mol
  SrCO3(aq): 1.1364581993010601e-05 mol
  MgSO4(aq): 8.412823466277848e-06 mol
  NaCO3[-1]: 6.897270031364824e-06 mol
  MgCO3(aq): 5.407916933272979e-06 mol
  LiCl(aq): 2.974884529584344e-06 mol
  NaSiHO3(aq): 2.520120475787597e-06 mol
  CaCl2(aq): 1.4603811643847026e-06 mol
  KCl(aq): 1.161914553616099e-06 mol
  LiSO4[-1]: 1.0274560083575913e-06 mol
  SiHO3[-1]: 8.644470915627738e-07 mol
  KSO4[-1]: 5.374052803589254e-07 mol
  OH[-1]: 5.062976350842262e-07 mol
  NaBr(aq): 4.3260950052871473e-07 mol
  NaI(aq): 3.284302301205959e-07 mol
  H[+1]: 3.0341551494387086e-08 mol
  NaOH(aq): 5.341632248580306e-09 mol
  KI(aq): 1.546467543405531e-09 mol
  LiOH(aq): 1.0574380780677768e-09 mol
  KBr(aq): 9.652090424387947e-10 mol
  HCl(aq): 4.3814787791335605e-10 mol
  HSO4[-1]: 3.7918136025621825e-10 mol
  KOH(aq): 6.107118237506394e-11 mol
  Si(HO2)2[-2]: 7.729426669559024e-12 mol
  I3[-1]: 1.8396281352735907e-13 mol
  Si2H7O8[-1]: 4.8779552599360007e-14 mol
  KHSO4(aq): 9.066284539846987e-15 mol
  IO[-1]: 3.413076204090942e-16 mol
  IO3[-1]: 3.2900368914229094e-19 mol
  SiH3O4[-1]: 1.1800387528956872e-19 mol
  H2SO4(aq): 6.840429628701922e-21 mol
  O2(aq): 2.438184908054102e-22 mol
  HBrO(aq): 1.320919895093647e-25 mol
  BrO[-1]: 2.82138849236598e-26 mol
  HIO3(aq): 1.950807238948967e-26 mol
  ClO[-1]: 1.254433615632908e-27 mol
  HClO(aq): 8.895313818704744e-28 mol
  Br(aq): 6.310092645747073e-29 mol
  Br3[-1]: 2.4898381864322305e-31 mol
  H2(aq): 4.843964980413599e-36 mol
  IO4[-1]: 1.014469757429308e-40 mol
volume: 1.0 l
temperature: 298.15 K
pressure: 1 atm
pH: 7.517962215631575
pE: 8.5
balance_charge: auto
solvent: H2O(aq)
default_diffusion_coeff: 1.6106e-09
log_level: ERROR
