'@module': pyEQL.solution
'@class': Solution
'@version': src
solutes:
  H2O(aq): 55.20994719186065 mol
  Cl[-1]: 0.13818789885244898 mol
  Na[+1]: 0.13530781812173642 mol
  HCO3[-1]: 0.002942677202798555 mol
  Ca[+2]: 0.002886861886186258 mol
  NaCl(aq): 0.0018273468733012318 mol
  S[-0.4]: 0.00044968487588439805 mol
  NaHCO3(aq): 0.00032546738027552604 mol
  CO2(aq): 0.000187675799949412 mol
  CaHCO3[+1]: 3.67620633767127e-05 mol
  CaCl[+1]: 3.0044503415467745e-05 mol
  CO3[-2]: 8.105226754544894e-06 mol
  CaCO3(aq): 6.356280636906727e-06 mol
  CaCl2(aq): 2.6974923602668592e-06 mol
  NaCO3[-1]: 1.246510287845683e-06 mol
  OH[-1]: 3.409930934460338e-07 mol
  H[+1]: 4.56915909531032e-08 mol
  CaOH[+1]: 5.201870998735784e-09 mol
  NaOH(aq): 4.489945966891363e-09 mol
  S[-0.5]: 1.3442083328662402e-09 mol
  HCl(aq): 8.557233609605703e-10 mol
  S[-0.66666667]: 2.4398523626902957e-15 mol
  S[-1]: 2.6244949618345965e-21 mol
  HS[-1]: 3.368108651979096e-22 mol
  H2S(aq): 9.628700049145304e-23 mol
  O2(aq): 4.7584201755577785e-23 mol
  S[-2]: 2.3411186144308387e-27 mol
  HClO(aq): 7.702834137433122e-28 mol
  ClO[-1]: 7.330352151800296e-28 mol
  H2(aq): 1.0837157987406322e-35 mol
  ClO2[-1]: 0.0 mol
  ClO3[-1]: 0.0 mol
  ClO4[-1]: 0.0 mol
  HClO2(aq): 0.0 mol
volume: 1.0002407059504594 l
temperature: 298.15 K
pressure: 1 atm
pH: 7.340268244500884
pE: 8.5
balance_charge: Na[+1]
solvent: H2O(aq)
engine: native
default_diffusion_coeff: 1.6106e-09
log_level: ERROR
