'@module': pyEQL.solution
'@class': Solution
'@version': 1.5.0
solutes:
  H2O(aq): 55.34457593619076 mol
  Cl[-1]: 0.11940315478401138 mol
  Na[+1]: 0.10749532928779039 mol
  Ca[+2]: 0.0027365775338042122 mol
  Sr[+2]: 0.0021582308968362 mol
  Li[+1]: 0.0014703334987070111 mol
  NaCl(aq): 0.0012763633939212266 mol
  Mg[+2]: 0.0006905481392083067 mol
  K[+1]: 0.0005979180907814081 mol
  SO4[-2]: 0.00034969938254680486 mol
  HCO3[-1]: 0.00032136178803794153 mol
  O2(aq): 0.0002595615479109108 mol
  IO3[-1]: 0.00018111972032047675 mol
  Br[-1]: 0.0001533201718045555 mol
  SiO2(aq): 0.0001453011303141087 mol
  NaSO4[-1]: 8.035668258531463e-05 mol
  SrCl[+1]: 5.256849696970868e-05 mol
  NaHCO3(aq): 2.8658786094502835e-05 mol
  MgCl[+1]: 2.6793383349571128e-05 mol
  CaCl[+1]: 2.558500968104706e-05 mol
  SrSO4(aq): 1.7103596612483106e-05 mol
  CaSO4(aq): 1.7077413047458926e-05 mol
  CO2(aq): 1.3979381547508536e-05 mol
  MgSO4(aq): 8.876245924960835e-06 mol
  CaHCO3[+1]: 3.946548204863783e-06 mol
  LiCl(aq): 3.389638069662549e-06 mol
  NaSiHO3(aq): 2.521597274248236e-06 mol
  CaCl2(aq): 2.0330332634354714e-06 mol
  KCl(aq): 1.323261738709404e-06 mol
  CO3[-2]: 1.2703383754736514e-06 mol
  MgHCO3[+1]: 1.099714652228609e-06 mol
  CaCO3(aq): 1.028397153330916e-06 mol
  LiSO4[-1]: 1.0189122428310063e-06 mol
  SiHO3[-1]: 8.584306190322916e-07 mol
  KSO4[-1]: 5.326768490850477e-07 mol
  OH[-1]: 5.028076302048341e-07 mol
  NaBr(aq): 4.3579684169803265e-07 mol
  SrCO3(aq): 2.6317148294933533e-07 mol
  NaCO3[-1]: 1.6151742713490285e-07 mol
  MgCO3(aq): 1.3345245253950768e-07 mol
  H[+1]: 3.059933840196364e-08 mol
  NaOH(aq): 5.344598757993828e-09 mol
  LiOH(aq): 1.047940075307717e-09 mol
  KBr(aq): 9.625828916658742e-10 mol
  HCl(aq): 5.037497267321071e-10 mol
  HSO4[-1]: 3.794297853351514e-10 mol
  KOH(aq): 6.04931473160601e-11 mol
  HIO3(aq): 1.0814793928477568e-11 mol
  Si(HO2)2[-2]: 7.640683644149508e-12 mol
  Si2H7O8[-1]: 4.8218694630761546e-14 mol
  KHSO4(aq): 9.049616113105092e-15 mol
  HBrO(aq): 1.3723961448028215e-16 mol
  I[-1]: 9.05812409494668e-17 mol
  IO4[-1]: 5.763818020974185e-17 mol
  BrO[-1]: 2.910897946628804e-17 mol
  ClO[-1]: 1.4779732702694144e-18 mol
  HClO(aq): 1.0554048592513516e-18 mol
  IO[-1]: 1.7643451483674736e-19 mol
  NaI(aq): 1.6576949861467835e-19 mol
  SiH3O4[-1]: 1.1639544426377066e-19 mol
  Br(aq): 6.60063394057222e-20 mol
  H2SO4(aq): 6.892975554192623e-21 mol
  KI(aq): 7.727358119898015e-22 mol
  Br3[-1]: 2.603881125908415e-22 mol
  ClO3[-1]: 2.7841329764298023e-24 mol
  ClO4[-1]: 1.5994352785378896e-24 mol
  BrO3[-1]: 4.674861397080057e-27 mol
  ClO2[-1]: 2.3904397053360274e-28 mol
  HSO5[-1]: 3.376597685440918e-31 mol
  HClO2(aq): 6.80503406430086e-33 mol
volume: 1.0 l
temperature: 298.15 K
pressure: 1 atm
pH: 7.513004044032478
pE: 8.5
balance_charge: auto
solvent: H2O(aq)
default_diffusion_coeff: 1.6106e-09
log_level: ERROR
