'@module': pyEQL.solution
'@class': Solution
'@version': 1.5.0
solutes:
  H2O(aq): 55.34457593619076 mol
  Cl[-1]: 0.11929875598350347 mol
  Na[+1]: 0.10748757979669674 mol
  Ca[+2]: 0.002734841646367579 mol
  Sr[+2]: 0.002158105959418877 mol
  Li[+1]: 0.0014703360327805628 mol
  NaCl(aq): 0.0012751786560157073 mol
  Mg[+2]: 0.000690190187942349 mol
  K[+1]: 0.0005979191618161668 mol
  HCO3[-1]: 0.0004127108652729418 mol
  SO4[-2]: 0.00034971158953860234 mol
  O2(aq): 0.0002595622796352033 mol
  IO3[-1]: 0.0001811197227142234 mol
  Br[-1]: 0.00015332019521601398 mol
  SiO2(aq): 0.00014436837580489943 mol
  NaSO4[-1]: 8.035662326746166e-05 mol
  SrCl[+1]: 5.2521222163013484e-05 mol
  NaHCO3(aq): 3.6803176118756636e-05 mol
  MgCl[+1]: 2.675667583368766e-05 mol
  CaCl[+1]: 2.5547155691137643e-05 mol
  SrSO4(aq): 1.7104361188482973e-05 mol
  CaSO4(aq): 1.706825811539941e-05 mol
  CO2(aq): 1.3979420956478122e-05 mol
  MgSO4(aq): 8.872460520272475e-06 mol
  CaHCO3[+1]: 5.065300267911957e-06 mol
  LiCl(aq): 3.3867339691412554e-06 mol
  NaSiHO3(aq): 3.2174095677418967e-06 mol
  CO3[-2]: 2.095150602447229e-06 mol
  CaCl2(aq): 2.0282874702669664e-06 mol
  CaCO3(aq): 1.6951472247021178e-06 mol
  MgHCO3[+1]: 1.4116122708988864e-06 mol
  KCl(aq): 1.322133554418117e-06 mol
  SiHO3[-1]: 1.0953678274804176e-06 mol
  LiSO4[-1]: 1.018984365001948e-06 mol
  OH[-1]: 6.457332954289762e-07 mol
  KSO4[-1]: 5.327167824473226e-07 mol
  NaBr(aq): 4.357734091714539e-07 mol
  SrCO3(aq): 4.3404791997768415e-07 mol
  NaCO3[-1]: 2.663780929318455e-07 mol
  MgCO3(aq): 2.1999902026767433e-07 mol
  H[+1]: 2.3826224301343895e-08 mol
  NaOH(aq): 6.8634522315746216e-09 mol
  LiOH(aq): 1.3458449161902391e-09 mol
  KBr(aq): 9.626040031474216e-10 mol
  HCl(aq): 3.9190794539960665e-10 mol
  HSO4[-1]: 2.954633717228933e-10 mol
  KOH(aq): 7.769025853517169e-11 mol
  Si(HO2)2[-2]: 1.2520740787069267e-11 mol
  HIO3(aq): 8.421057754148392e-12 mol
  Si2H7O8[-1]: 7.750383005816669e-14 mol
  KHSO4(aq): 7.0471108833938146e-15 mol
  HBrO(aq): 1.0686332601426798e-16 mol
  I[-1]: 9.058108786343995e-17 mol
  IO4[-1]: 5.7638134943833e-17 mol
  BrO[-1]: 2.910903349130668e-17 mol
  ClO[-1]: 1.4766835361968385e-18 mol
  HClO(aq): 8.210854080997272e-19 mol
  SiH3O4[-1]: 3.085354261120305e-19 mol
  IO[-1]: 1.7643451716857655e-19 mol
  NaI(aq): 1.6576027983805711e-19 mol
  Br(aq): 4.002063585241888e-20 mol
  H2SO4(aq): 4.1795291571354094e-21 mol
  KI(aq): 7.727513357423989e-22 mol
  Br3[-1]: 1.5787753309928213e-22 mol
  ClO3[-1]: 2.781701217784162e-24 mol
  ClO4[-1]: 1.5980382760959086e-24 mol
  BrO3[-1]: 4.674866340247831e-27 mol
  ClO2[-1]: 2.3883537193453473e-28 mol
  HSO5[-1]: 2.6293690576001e-31 mol
  HClO2(aq): 5.2941903032193265e-33 mol
volume: 1.0 l
temperature: 298.15 K
pressure: 1 atm
pH: 7.622944774061858
pE: 8.5
balance_charge: auto
solvent: H2O(aq)
default_diffusion_coeff: 1.6106e-09
log_level: ERROR
