'@module': pyEQL.solution
'@class': Solution
'@version': src
solutes:
  H2O(aq): 55.34457593619076 mol
  Na[+1]: 0.11427687943345362 mol
  Cl[-1]: 0.11282237042320924 mol
  HCO3[-1]: 0.01456332229871793 mol
  Ca[+2]: 0.0027382444654170685 mol
  Sr[+2]: 0.0023134843579905692 mol
  Li[+1]: 0.0015802346972294508 mol
  NaHCO3(aq): 0.0013659056407377334 mol
  NaCl(aq): 0.0012665323454565526 mol
  CO2(aq): 0.0007856397444385291 mol
  Mg[+2]: 0.0006927047946743261 mol
  K[+1]: 0.0006426036705594847 mol
  NH4[+1]: 0.0003843658273306971 mol
  SO4[-2]: 0.0003737517819997343 mol
  I[-1]: 0.00019425936602036683 mol
  CaHCO3[+1]: 0.00017585468321101752 mol
  Br[-1]: 0.00016473702230108573 mol
  SiO2(aq): 0.00015672815861208337 mol
  F[-1]: 0.00010576796366456009 mol
  NaSO4[-1]: 8.91494155780187e-05 mol
  SrCl[+1]: 5.209747496484792e-05 mol
  MgHCO3[+1]: 4.933142800356566e-05 mol
  CO3[-2]: 4.686792958849766e-05 mol
  Ba[+2]: 4.4465237910762524e-05 mol
  CaCO3(aq): 3.6495574424822726e-05 mol
  MgCl[+1]: 2.5023627780748925e-05 mol
  CaCl[+1]: 2.3735651139148174e-05 mol
  SrSO4(aq): 1.8748250700330383e-05 mol
  S[-0.4]: 1.8711907206757526e-05 mol
  CaSO4(aq): 1.752345911537282e-05 mol
  SrCO3(aq): 9.976856270303418e-06 mol
  MgSO4(aq): 9.169258830500544e-06 mol
  Sn(OH)4(aq): 8.423889997046948e-06 mol
  NaCO3[-1]: 6.197227939523769e-06 mol
  NH3(aq): 5.079834881934322e-06 mol
  MgCO3(aq): 4.767745296091999e-06 mol
  LiCl(aq): 3.4058370698298413e-06 mol
  NaSiHO3(aq): 2.3021592578937105e-06 mol
  CaCl2(aq): 1.7604885961209299e-06 mol
  KCl(aq): 1.3259598029438759e-06 mol
  LiSO4[-1]: 1.1446214386143867e-06 mol
  SiHO3[-1]: 7.4519195145869e-07 mol
  MgF[+1]: 7.352992925701319e-07 mol
  NaF(aq): 7.326564480970878e-07 mol
  KSO4[-1]: 5.967645013324016e-07 mol
  BaCl[+1]: 5.655432333044936e-07 mol
  CaF[+1]: 5.410895256253763e-07 mol
  NaBr(aq): 4.919065465197234e-07 mol
  OH[-1]: 4.048704728923826e-07 mol
  NaI(aq): 3.7346932289587445e-07 mol
  SrF[+1]: 1.2185648383616637e-07 mol
  BaCO3(aq): 1.1580648825651611e-07 mol
  H[+1]: 3.8304716557101696e-08 mol
  NaOH(aq): 4.523727523776246e-09 mol
  KI(aq): 1.7580207951619334e-09 mol
  BaF[+1]: 1.103916669089248e-09 mol
  KBr(aq): 1.0971836321168958e-09 mol
  LiOH(aq): 8.981448312871593e-10 mol
  HCl(aq): 5.903980474807622e-10 mol
  HSO4[-1]: 4.971827646939008e-10 mol
  S[-0.5]: 1.0507595753027461e-10 mol
  KOH(aq): 5.170471755145272e-11 mol
  Si(HO2)2[-2]: 5.408398434543984e-12 mol
  I3[-1]: 2.2441919108664406e-13 mol
  Sn(OH)3[+1]: 1.5542548958916201e-13 mol
  HF2[-1]: 9.735069392282965e-14 mol
  Si2H7O8[-1]: 4.27568085755276e-14 mol
  KHSO4(aq): 1.2593723126298786e-14 mol
  S[-0.66666667]: 3.582839221912402e-16 mol
  IO[-1]: 2.310124290711187e-16 mol
  NH4SO4[-1]: 2.18409934616983e-16 mol
  HF(aq): 3.67018254203987e-17 mol
  IO3[-1]: 8.85959519800728e-20 mol
  SiH3O4[-1]: 7.124967298651002e-20 mol
  H2SO4(aq): 1.1219569896784388e-20 mol
  Sn(OH)2[+2]: 2.252532188859372e-21 mol
  S[-1]: 7.239965802179329e-22 mol
  HS[-1]: 1.4963884167392268e-22 mol
  O2(aq): 9.678111205589748e-23 mol
  H2S(aq): 3.613490667573009e-23 mol
  HBrO(aq): 1.1183154564739643e-25 mol
  BrO[-1]: 1.9095322273421252e-26 mol
  HIO3(aq): 6.571298783142071e-27 mol
  SnOH[+3]: 1.659026593966889e-27 mol
  S[-2]: 1.2186295176843214e-27 mol
  ClO[-1]: 8.523343943034944e-28 mol
  HClO(aq): 7.560444835458948e-28 mol
  Br(aq): 7.172782768549373e-29 mol
  Br[-0.33333333]: 3.036863647358146e-31 mol
  SiF6[-2]: 3.0291946664582547e-32 mol
  Sn[+4]: 2.271104491888662e-35 mol
  H2(aq): 7.659514003143065e-36 mol
volume: 1.0 l
temperature: 298.15 K
pressure: 1 atm
pH: 7.41674774695548
pE: 8.5
balance_charge: auto
solvent: H2O(aq)
default_diffusion_coeff: 1.6106e-09
log_level: ERROR
