'@module': pyEQL.solution
'@class': Solution
'@version': 1.5.0
solutes:
  H2O(aq): 55.34457593619076 mol
  Na[+1]: 0.1066418725987595 mol
  Cl[-1]: 0.10474035723577582 mol
  HCO3[-1]: 0.009625346813770643 mol
  Ca[+2]: 0.001991138680328839 mol
  Sr[+2]: 0.001953961695022857 mol
  Li[+1]: 0.0014706835181531065 mol
  CO3[-2]: 0.0011349451472546172 mol
  NaCl(aq): 0.00111542865829641 mol
  NaHCO3(aq): 0.0008548246468583333 mol
  CaCO3(aq): 0.0006780121278940585 mol
  K[+1]: 0.0005980600153462618 mol
  Mg[+2]: 0.0005726985814074767 mol
  SO4[-2]: 0.00035508684270097124 mol
  O2(aq): 0.00025974610622352714 mol
  SrCO3(aq): 0.00021610965143190047 mol
  IO3[-1]: 0.00018111973077420608 mol
  Br[-1]: 0.00015332179587764248 mol
  NaCO3[-1]: 0.00014428205114826414 mol
  MgCO3(aq): 0.00010013749553769495 mol
  SiO2(aq): 8.7737623759011e-05 mol
  CaHCO3[+1]: 8.654533900988533e-05 mol
  NaSO4[-1]: 8.163675361456991e-05 mol
  NaSiHO3(aq): 4.5414550402168384e-05 mol
  SrCl[+1]: 4.206867018390036e-05 mol
  MgHCO3[+1]: 2.7447314110773474e-05 mol
  MgCl[+1]: 1.959275972602709e-05 mol
  CaCl[+1]: 1.6438419946106224e-05 mol
  SrSO4(aq): 1.5973260982092824e-05 mol
  SiHO3[-1]: 1.5524849530724165e-05 mol
  OH[-1]: 1.5057167936008046e-05 mol
  CO2(aq): 1.398932142916898e-05 mol
  CaSO4(aq): 1.2804702316194372e-05 mol
  MgSO4(aq): 7.5747848056812675e-06 mol
  LiCl(aq): 2.9849894232977313e-06 mol
  KCl(aq): 1.1664097282573025e-06 mol
  CaCl2(aq): 1.1506656740140955e-06 mol
  LiSO4[-1]: 1.0430917659879567e-06 mol
  KSO4[-1]: 5.458401386201604e-07 mol
  NaBr(aq): 4.3416807690946175e-07 mol
  NaOH(aq): 1.5941689682306292e-07 mol
  LiOH(aq): 3.1497617388212566e-08 mol
  Si(HO2)2[-2]: 4.119389176400796e-09 mol
  KOH(aq): 1.8199662924112657e-09 mol
  H[+1]: 1.0189306227516864e-09 mol
  KBr(aq): 9.672747866614808e-10 mol
  HCl(aq): 1.476085498656336e-11 mol
  HSO4[-1]: 1.2924816289359467e-11 mol
  Si2H7O8[-1]: 5.725403432656539e-12 mol
  HIO3(aq): 3.611142266244387e-13 mol
  SiH3O4[-1]: 1.211963810246585e-14 mol
  KHSO4(aq): 3.0964076230717395e-16 mol
  I[-1]: 9.054535487025915e-17 mol
  IO4[-1]: 5.762747204231049e-17 mol
  BrO[-1]: 2.912082645024273e-17 mol
  HBrO(aq): 4.584400282207508e-18 mol
  ClO[-1]: 1.2969909479379402e-18 mol
  IO[-1]: 1.7643452502006032e-19 mol
  NaI(aq): 1.650827679159714e-19 mol
  HClO(aq): 3.0925432318513e-20 mol
  KI(aq): 7.761864866622007e-22 mol
  Br(aq): 7.364499791802865e-23 mol
  H2SO4(aq): 7.840179786982229e-24 mol
  ClO3[-1]: 2.4427533790119393e-24 mol
  ClO4[-1]: 1.4033187222865084e-24 mol
  Br3[-1]: 2.9062880013019364e-25 mol
  BrO3[-1]: 4.675894875168771e-27 mol
  ClO2[-1]: 2.0977230926830013e-28 mol
  HSO5[-1]: 1.1501971235297524e-32 mol
  HClO2(aq): 1.9940084464837803e-34 mol
volume: 1.0 l
temperature: 298.15 K
pressure: 1 atm
pH: 8.991855385357503
pE: 8.5
balance_charge: auto
solvent: H2O(aq)
default_diffusion_coeff: 1.6106e-09
log_level: ERROR
