'@module': pyEQL.solution
'@class': Solution
'@version': 1.5.0
solutes:
  H2O(aq): 55.34457593619076 mol
  Na[+1]: 0.11447678347322539 mol
  Cl[-1]: 0.11246859320444338 mol
  HCO3[-1]: 0.01009517604244274 mol
  Ca[+2]: 0.0021030017231601023 mol
  Sr[+2]: 0.002084906904002309 mol
  Li[+1]: 0.0015801817795138545 mol
  NaCl(aq): 0.0012688608847568313 mol
  CO3[-2]: 0.0012644465174509653 mol
  NaHCO3(aq): 0.0009509748558264625 mol
  CaCO3(aq): 0.0007635843069195438 mol
  K[+1]: 0.0006425922147671482 mol
  Mg[+2]: 0.0006076410016657477 mol
  SO4[-2]: 0.00037816703951697953 mol
  O2(aq): 0.0002591954206377353 mol
  SrCO3(aq): 0.0002451148947062857 mol
  IO3[-1]: 0.00019463459366749508 mol
  NaCO3[-1]: 0.00016839404420889215 mol
  Br[-1]: 0.00016473473513676888 mol
  MgCO3(aq): 0.0001138174475907733 mol
  CaHCO3[+1]: 9.402293761543152e-05 mol
  NaSO4[-1]: 9.089225158761458e-05 mol
  SiO2(aq): 9.070570845724704e-05 mol
  NaSiHO3(aq): 5.223163686588112e-05 mol
  SrCl[+1]: 4.706576658423234e-05 mol
  MgHCO3[+1]: 3.0094183851049836e-05 mol
  MgCl[+1]: 2.1966382537046767e-05 mol
  CaCl[+1]: 1.8261246380928385e-05 mol
  SrSO4(aq): 1.7282869211803193e-05 mol
  SiHO3[-1]: 1.6833387782275288e-05 mol
  OH[-1]: 1.580133079559586e-05 mol
  CO2(aq): 1.39596627837401e-05 mol
  CaSO4(aq): 1.3756746505003758e-05 mol
  MgSO4(aq): 8.213138232772047e-06 mol
  LiCl(aq): 3.404679336030958e-06 mol
  CaCl2(aq): 1.3545719260668897e-06 mol
  KCl(aq): 1.3264317334772166e-06 mol
  LiSO4[-1]: 1.1644607649091757e-06 mol
  KSO4[-1]: 6.075306086268144e-07 mol
  NaBr(aq): 4.941902483069519e-07 mol
  NaOH(aq): 1.773480222286316e-07 mol
  LiOH(aq): 3.513426793788208e-08 mol
  Si(HO2)2[-2]: 4.7530761806291216e-09 mol
  KOH(aq): 2.0240297993206643e-09 mol
  KBr(aq): 1.100646127742107e-09 mol
  H[+1]: 9.796316552961903e-10 mol
  HCl(aq): 1.5089220859013174e-11 mol
  HSO4[-1]: 1.2931491097186543e-11 mol
  Si2H7O8[-1]: 7.286611867752458e-12 mol
  HIO3(aq): 3.69893284246555e-13 mol
  SiH3O4[-1]: 1.8207773505171648e-14 mol
  KHSO4(aq): 3.285022904631387e-16 mol
  I[-1]: 9.742264885178586e-17 mol
  IO4[-1]: 6.19636080639687e-17 mol
  BrO[-1]: 3.1249673990884513e-17 mol
  HBrO(aq): 4.689233992784386e-18 mol
  ClO[-1]: 1.390960084638509e-18 mol
  IO[-1]: 1.8959978539835663e-19 mol
  NaI(aq): 1.881700496150994e-19 mol
  HClO(aq): 3.161339088008736e-20 mol
  KI(aq): 8.84456328900407e-22 mol
  Br(aq): 7.707382508170015e-23 mol
  H2SO4(aq): 7.477007689036247e-24 mol
  ClO3[-1]: 2.6212606377235605e-24 mol
  ClO4[-1]: 1.505867993271656e-24 mol
  Br3[-1]: 3.2639385173022827e-25 mol
  BrO3[-1]: 5.0206436117350834e-27 mol
  ClO2[-1]: 2.249706596014034e-28 mol
  HSO5[-1]: 1.1507911238305055e-32 mol
  HClO2(aq): 2.038366603500953e-34 mol
volume: 1.0 l
temperature: 298.15 K
pressure: 1 atm
pH: 9.008937189759719
pE: 8.5
balance_charge: auto
solvent: H2O(aq)
default_diffusion_coeff: 1.6106e-09
log_level: ERROR
