'@module': pyEQL.solution
'@class': Solution
'@version': 1.5.0
solutes:
  H2O(aq): 55.34457593619076 mol
  Na[+1]: 0.026519267785739337 mol
  SO4[-2]: 0.025581474615781162 mol
  Ca[+2]: 0.010152912604820137 mol
  CaSO4(aq): 0.005701906036044186 mol
  MgSO4(aq): 0.0019009161787947315 mol
  Mg[+2]: 0.0016766444057680888 mol
  K[+1]: 0.0016748368918410048 mol
  NaSO4[-1]: 0.0016327019774528986 mol
  Ba[+2]: 0.000782338127843509 mol
  HCO3[-1]: 0.0004253089124764889 mol
  O2(aq): 0.0002617270436137996 mol
  KSO4[-1]: 0.00012352642885250906 mol
  Cl[-1]: 9.200153505060293e-05 mol
  AlO2[-1]: 7.965321516062925e-05 mol
  Sr[+2]: 3.177445349086533e-05 mol
  SrSO4(aq): 2.29662395827523e-05 mol
  CaHCO3[+1]: 2.1174468153885894e-05 mol
  CO2(aq): 1.4096010111769759e-05 mol
  NaHCO3(aq): 9.879224710052298e-06 mol
  CaCO3(aq): 7.68875247241675e-06 mol
  MgHCO3[+1]: 3.7845197657339515e-06 mol
  AlHO2(aq): 3.3923626862868213e-06 mol
  CO3[-2]: 2.099085111095339e-06 mol
  Al13(H6O7)4[+7]: 2.0677396454476716e-06 mol
  OH[-1]: 6.638236000721569e-07 mol
  MgCO3(aq): 6.399664998722411e-07 mol
  NaCl(aq): 2.574897731254945e-07 mol
  NaAlO2(aq): 2.4675685295816286e-07 mol
  BaCO3(aq): 1.1766298030634118e-07 mol
  CaCl[+1]: 8.033434483319557e-08 mol
  NaCO3[-1]: 7.348544830778583e-08 mol
  Al(OH)2[+1]: 5.5699223174531526e-08 mol
  MgCl[+1]: 5.3960864109940124e-08 mol
  HSO4[-1]: 2.2425628742519036e-08 mol
  H[+1]: 2.2277724820292426e-08 mol
  BaCl[+1]: 9.231179432200465e-09 mol
  SrCO3(aq): 7.912948041498799e-09 mol
  KCl(aq): 3.0467901595642333e-09 mol
  NaOH(aq): 1.8423841101007259e-09 mol
  SrCl[+1]: 6.638129229724382e-10 mol
  KOH(aq): 2.3800298164049865e-10 mol
  AlSO4[+1]: 7.13641603027606e-12 mol
  CaCl2(aq): 5.22004889663825e-12 mol
  Al(SO4)2[-1]: 5.162098130928919e-12 mol
  Al[+3]: 3.15541241856189e-12 mol
  KHSO4(aq): 1.5900447003388408e-12 mol
  HCl(aq): 2.956165583035837e-13 mol
  AlOH[+2]: 7.959999686662486e-16 mol
  Al3(OH)4[+5]: 5.7437083005553906e-18 mol
  H2SO4(aq): 3.086761388751512e-19 mol
  ClO[-1]: 1.1447150685447582e-21 mol
  HClO(aq): 6.193455510789383e-22 mol
  ClO3[-1]: 2.1511038349710713e-27 mol
  ClO4[-1]: 1.2357712043850408e-27 mol
  HSO5[-1]: 1.9956874508326466e-29 mol
  ClO2[-1]: 1.8514356153727959e-31 mol
  HClO2(aq): 3.9934130828760415e-36 mol
volume: 1.0 l
temperature: 298.15 K
pressure: 1 atm
pH: 7.652129164864864
pE: 8.5
balance_charge: auto
solvent: H2O(aq)
default_diffusion_coeff: 1.6106e-09
log_level: ERROR
