'@module': pyEQL.solution
'@class': Solution
'@version': 1.5.0
solutes:
  H2O(aq): 55.34457593619076 mol
  Na[+1]: 0.02651688514731053 mol
  SO4[-2]: 0.02576313991932985 mol
  Ca[+2]: 0.010148248029128755 mol
  CaSO4(aq): 0.005728704677856156 mol
  MgSO4(aq): 0.001907409649301137 mol
  K[+1]: 0.001674152274140193 mol
  Mg[+2]: 0.0016734304622744813 mol
  NaSO4[-1]: 0.0016423524174681158 mol
  Ba[+2]: 0.0007824464712329341 mol
  O2(aq): 0.00026170888818516776 mol
  KSO4[-1]: 0.00012421121489522723 mol
  HCO3[-1]: 0.00012300609020913014 mol
  Cl[-1]: 9.200195821895434e-05 mol
  Sr[+2]: 3.1711591724720785e-05 mol
  SrSO4(aq): 2.303638751340911e-05 mol
  CO2(aq): 1.4095032302590959e-05 mol
  AlO2[-1]: 1.300563029836774e-05 mol
  Al13(H6O7)4[+7]: 7.319467838988571e-06 mol
  CaHCO3[+1]: 6.1160908083189844e-06 mol
  NaHCO3(aq): 2.8555295839940942e-06 mol
  AlHO2(aq): 1.915176332777855e-06 mol
  MgHCO3[+1]: 1.0917339653257074e-06 mol
  CaCO3(aq): 6.419751655711848e-07 mol
  NaCl(aq): 2.5732630892713033e-07 mol
  OH[-1]: 1.919923877629789e-07 mol
  CO3[-2]: 1.7566947833785402e-07 mol
  Al(OH)2[+1]: 1.0878141222736516e-07 mol
  CaCl[+1]: 8.022746619577816e-08 mol
  HSO4[-1]: 7.804422800265319e-08 mol
  H[+1]: 7.705722137907176e-08 mol
  MgCl[+1]: 5.3820204773408764e-08 mol
  MgCO3(aq): 5.33659468152831e-08 mol
  NaAlO2(aq): 4.026604604229545e-08 mol
  BaCO3(aq): 9.829026069915876e-09 mol
  BaCl[+1]: 9.22332064409885e-09 mol
  NaCO3[-1]: 6.143088236247155e-09 mol
  KCl(aq): 3.043744812001338e-09 mol
  SrCl[+1]: 6.6184398949188e-10 mol
  SrCO3(aq): 6.59612335043496e-10 mol
  NaOH(aq): 5.325298781917681e-10 mol
  AlSO4[+1]: 1.6770977193874074e-10 mol
  Al(SO4)2[-1]: 1.2204005931272172e-10 mol
  Al[+3]: 7.37922502074086e-11 mol
  KOH(aq): 6.876820460366816e-11 mol
  KHSO4(aq): 5.528262438690704e-12 mol
  CaCl2(aq): 5.210256539644276e-12 mol
  HCl(aq): 1.0220912914800153e-12 mol
  AlOH[+2]: 3.643005060468903e-14 mol
  Al3(OH)4[+5]: 5.141359179116678e-16 mol
  H2SO4(aq): 3.714305443194628e-18 mol
  HClO(aq): 2.1413810437661118e-21 mol
  ClO[-1]: 1.1446690400727695e-21 mol
  ClO3[-1]: 2.1510628609618757e-27 mol
  ClO4[-1]: 1.2357476655396434e-27 mol
  HSO5[-1]: 6.945262860769175e-29 mol
  ClO2[-1]: 1.851361169989237e-31 mol
  HClO2(aq): 1.3807185763587798e-35 mol
volume: 1.0 l
temperature: 298.15 K
pressure: 1 atm
pH: 7.113186655347586
pE: 8.5
balance_charge: auto
solvent: H2O(aq)
default_diffusion_coeff: 1.6106e-09
log_level: ERROR
