'@module': pyEQL.solution
'@class': Solution
'@version': 1.5.1.dev50+geb84b2d8f
solutes:
  H2O(aq): 55.34457593619076 mol
  Na[+1]: 0.026519381338784898 mol
  SO4[-2]: 0.02557321039608021 mol
  Ca[+2]: 0.010153021777116448 mol
  CaSO4(aq): 0.0057006392921497475 mol
  MgSO4(aq): 0.0019006160831394469 mol
  Mg[+2]: 0.0016767843987407856 mol
  K[+1]: 0.001674867923351154 mol
  NaSO4[-1]: 0.0016322649752208867 mol
  Ba[+2]: 0.0007823305973702322 mol
  HCO3[-1]: 0.00043865553844154036 mol
  O2(aq): 0.0002617278958606587 mol
  KSO4[-1]: 0.0001234953897707933 mol
  Cl[-1]: 9.200151643096238e-05 mol
  AlO2[-1]: 8.274465978040463e-05 mol
  Sr[+2]: 3.177719049818295e-05 mol
  SrSO4(aq): 2.2962995396384446e-05 mol
  CaHCO3[+1]: 2.1840028492065418e-05 mol
  CO2(aq): 1.4096056011804134e-05 mol
  NaHCO3(aq): 1.0189529070886069e-05 mol
  CaCO3(aq): 8.179486468162383e-06 mol
  MgHCO3[+1]: 3.9037266073505396e-06 mol
  AlHO2(aq): 3.4168018589508104e-06 mol
  CO3[-2]: 2.2328416328107603e-06 mol
  Al13(H6O7)4[+7]: 1.8274234842581019e-06 mol
  OH[-1]: 6.846543821550577e-07 mol
  MgCO3(aq): 6.808560900904358e-07 mol
  NaCl(aq): 2.5749744345806707e-07 mol
  NaAlO2(aq): 2.5634095746571355e-07 mol
  BaCO3(aq): 1.2517095240850876e-07 mol
  CaCl[+1]: 8.033848433361324e-08 mol
  NaCO3[-1]: 7.817209367510212e-08 mol
  Al(OH)2[+1]: 5.4392270314313474e-08 mol
  MgCl[+1]: 5.39671148569332e-08 mol
  HSO4[-1]: 2.1736875045239922e-08 mol
  H[+1]: 2.1599515884635098e-08 mol
  BaCl[+1]: 9.231518073011958e-09 mol
  SrCO3(aq): 8.41867248938175e-09 mol
  KCl(aq): 3.0469308444283465e-09 mol
  NaOH(aq): 1.900253005735148e-09 mol
  SrCl[+1]: 6.639008470543755e-10 mol
  KOH(aq): 2.4548262727528686e-10 mol
  AlSO4[+1]: 6.549401510845249e-12 mol
  CaCl2(aq): 5.220451265873924e-12 mol
  Al(SO4)2[-1]: 4.736195432391457e-12 mol
  Al[+3]: 2.8964997113267827e-12 mol
  KHSO4(aq): 1.5412782353174568e-12 mol
  HCl(aq): 2.866225999330948e-13 mol
  AlOH[+2]: 7.134720914090998e-16 mol
  Al3(OH)4[+5]: 5.027067671144762e-18 mol
  H2SO4(aq): 2.9009242795848375e-19 mol
  ClO[-1]: 1.1447172343023123e-21 mol
  HClO(aq): 6.005023302007932e-22 mol
  ClO3[-1]: 2.1511057770634844e-27 mol
  ClO4[-1]: 1.2357723200828302e-27 mol
  HSO5[-1]: 1.9343943149229714e-29 mol
  ClO2[-1]: 1.8514391182188881e-31 mol
  HClO2(aq): 3.87191585948083e-36 mol
volume: 1.0001362414200092 l
temperature: 298.15 K
pressure: 1 atm
pH: 7.66561514755775
pE: 8.5
balance_charge: auto
solvent: H2O(aq)
engine: native
default_diffusion_coeff: 1.6106e-09
log_level: ERROR
