'@module': pyEQL.solution
'@class': Solution
'@version': 1.5.1.dev50+geb84b2d8f
solutes:
  H2O(aq): 55.34457593619076 mol
  Na[+1]: 0.026519449679068954 mol
  SO4[-2]: 0.025568458650880085 mol
  Ca[+2]: 0.010153079687037323 mol
  CaSO4(aq): 0.005699905803124997 mol
  MgSO4(aq): 0.001900442640626254 mol
  Mg[+2]: 0.001676864772744237 mol
  K[+1]: 0.0016748857949720117 mol
  NaSO4[-1]: 0.0016320132915127942 mol
  Ba[+2]: 0.0007823261416721978 mol
  HCO3[-1]: 0.0004463648686264705 mol
  O2(aq): 0.0002617283820057363 mol
  KSO4[-1]: 0.00012347751377490991 mol
  Cl[-1]: 9.200150582544379e-05 mol
  AlO2[-1]: 8.449179976247332e-05 mol
  Sr[+2]: 3.1778765461389186e-05 mol
  SrSO4(aq): 2.2961120306768643e-05 mol
  CaHCO3[+1]: 2.2224484765727684e-05 mol
  CO2(aq): 1.4096082194447427e-05 mol
  NaHCO3(aq): 1.0368774172410648e-05 mol
  CaCO3(aq): 8.469871573231692e-06 mol
  MgHCO3[+1]: 3.972593660218728e-06 mol
  AlHO2(aq): 3.4286881329515577e-06 mol
  CO3[-2]: 2.3119837055286804e-06 mol
  Al13(H6O7)4[+7]: 1.6917572644214565e-06 mol
  MgCO3(aq): 7.050539711480703e-07 mol
  OH[-1]: 6.966867259177199e-07 mol
  NaAlO2(aq): 2.6175772230015383e-07 mol
  NaCl(aq): 2.575018210690119e-07 mol
  BaCO3(aq): 1.2961365712655277e-07 mol
  NaCO3[-1]: 8.094526399657335e-08 mol
  CaCl[+1]: 8.034081166011584e-08 mol
  MgCl[+1]: 5.3970697562130127e-08 mol
  Al(OH)2[+1]: 5.363806347774026e-08 mol
  HSO4[-1]: 2.135781534068001e-08 mol
  H[+1]: 1.7789489087029805e-08 mol
  BaCl[+1]: 9.231709421087904e-09 mol
  SrCO3(aq): 8.717958960213533e-09 mol
  KCl(aq): 3.0470114199973103e-09 mol
  NaOH(aq): 1.933680560685517e-09 mol
  SrCl[+1]: 6.639512950635975e-10 mol
  KOH(aq): 2.4980329770499843e-10 mol
  AlSO4[+1]: 6.2363557783879224e-12 mol
  CaCl2(aq): 5.220678609834038e-12 mol
  Al(SO4)2[-1]: 4.509110315441004e-12 mol
  Al[+3]: 2.7584055374938584e-12 mol
  KHSO4(aq): 1.514438982127887e-12 mol
  HCl(aq): 2.816725354750735e-13 mol
  AlOH[+2]: 6.699985448802567e-16 mol
  Al3(OH)4[+5]: 4.6551169689340006e-18 mol
  H2SO4(aq): 2.8011071008158526e-19 mol
  ClO[-1]: 1.144718470161096e-21 mol
  HClO(aq): 5.901314618799332e-22 mol
  ClO3[-1]: 2.151106885502281e-27 mol
  ClO4[-1]: 1.235772956861445e-27 mol
  HSO5[-1]: 1.9006612720641696e-29 mol
  ClO2[-1]: 1.8514411170682357e-31 mol
  HClO2(aq): 3.8050466276585554e-36 mol
volume: 1.000136344714653 l
temperature: 298.15 K
pressure: 1 atm
pH: 7.748552605242582
pE: 8.5
balance_charge: auto
solvent: H2O(aq)
engine: native
default_diffusion_coeff: 1.6106e-09
log_level: ERROR
