'@module': pyEQL.solution
'@class': Solution
'@version': 1.5.1.dev50+geb84b2d8f
solutes:
  H2O(aq): 55.34457593619076 mol
  Na[+1]: 0.026518646499673903 mol
  SO4[-2]: 0.02562663655122993 mol
  Ca[+2]: 0.010152146545910817 mol
  CaSO4(aq): 0.005708687309894062 mol
  MgSO4(aq): 0.0019025337632344525 mol
  Mg[+2]: 0.0016758729561627806 mol
  K[+1]: 0.0016746678778846976 mol
  NaSO4[-1]: 0.0016350822572075245 mol
  Ba[+2]: 0.0007823749353217414 mol
  HCO3[-1]: 0.0003528897874723858 mol
  O2(aq): 0.0002617223165618215 mol
  KSO4[-1]: 0.00012369548382800856 mol
  Cl[-1]: 9.20016393709615e-05 mol
  AlO2[-1]: 6.213441344868989e-05 mol
  Sr[+2]: 3.175944764263803e-05 mol
  SrSO4(aq): 2.2983723274667978e-05 mol
  CaHCO3[+1]: 1.7563891608263967e-05 mol
  CO2(aq): 1.4095755523739565e-05 mol
  NaHCO3(aq): 8.195781551843747e-06 mol
  CaCO3(aq): 5.291044823573358e-06 mol
  Al13(H6O7)4[+7]: 3.4345385141380114e-06 mol
  AlHO2(aq): 3.189309243255865e-06 mol
  MgHCO3[+1]: 3.1381393284156835e-06 mol
  CO3[-2]: 1.4452962787821947e-06 mol
  OH[-1]: 5.507946035105777e-07 mol
  MgCO3(aq): 4.4024659746973925e-07 mol
  NaCl(aq): 2.574472978869993e-07 mol
  NaAlO2(aq): 1.924558066971423e-07 mol
  BaCO3(aq): 8.097767073987647e-08 mol
  CaCl[+1]: 8.031013140627053e-08 mol
  Al(OH)2[+1]: 6.311988058434193e-08 mol
  MgCl[+1]: 5.3926369414557556e-08 mol
  NaCO3[-1]: 5.058286183645684e-08 mol
  HSO4[-1]: 2.7071347455721364e-08 mol
  H[+1]: 2.2503644714176428e-08 mol
  BaCl[+1]: 9.22924442737553e-09 mol
  SrCO3(aq): 5.442997925632576e-09 mol
  KCl(aq): 3.0460159136262754e-09 mol
  NaOH(aq): 1.5284375185442687e-09 mol
  SrCl[+1]: 6.633291411725337e-10 mol
  KOH(aq): 1.9742910584256178e-10 mol
  AlSO4[+1]: 1.1765963589590286e-11 mol
  Al(SO4)2[-1]: 8.523469768176489e-12 mol
  CaCl2(aq): 5.217736541609711e-12 mol
  Al[+3]: 5.1961736194956285e-12 mol
  KHSO4(aq): 1.9189725071638285e-12 mol
  HCl(aq): 3.562785429232416e-13 mol
  AlOH[+2]: 1.4862349845059782e-15 mol
  Al3(OH)4[+5]: 1.2157606533103056e-17 mol
  H2SO4(aq): 4.49090393957645e-19 mol
  ClO[-1]: 1.1447030744054395e-21 mol
  HClO(aq): 7.46438331366373e-22 mol
  ClO3[-1]: 2.151093092632101e-27 mol
  ClO4[-1]: 1.2357650331008543e-27 mol
  HSO5[-1]: 2.4091163291256683e-29 mol
  ClO2[-1]: 1.851416216329983e-31 mol
  HClO2(aq): 4.8128812628847555e-36 mol
volume: 1.0001351111380041 l
temperature: 298.15 K
pressure: 1 atm
pH: 7.6464632179931575
pE: 8.5
balance_charge: auto
solvent: H2O(aq)
engine: native
default_diffusion_coeff: 1.6106e-09
log_level: ERROR
