'@module': pyEQL.solution
'@class': Solution
'@version': src
solutes:
  H2O(aq): 55.34457593619076 mol
  Na[+1]: 1.7976080639680394 mol
  CaSO4(aq): 1.251260910212077 mol
  NaSO4[-1]: 1.1377854464549482 mol
  SO4[-2]: 0.8738139225408157 mol
  Ca[+2]: 0.4043222465517028 mol
  MgSO4(aq): 0.3340387957907356 mol
  K[+1]: 0.11242585765612945 mol
  Ba[+2]: 0.08155712491531482 mol
  KSO4[-1]: 0.07501961593698947 mol
  Mg[+2]: 0.0393205952461646 mol
  OH[-1]: 7.752887084271614e-07 mol
  HSO4[-1]: 1.8635595953559705e-07 mol
  NaOH(aq): 1.385955475694413e-07 mol
  KOH(aq): 1.5603175444902362e-08 mol
  H[+1]: 1.4067703641493891e-08 mol
  KHSO4(aq): 7.850625368231517e-10 mol
  H2SO4(aq): 2.0853631079440016e-18 mol
  O2(aq): 6.016060714649455e-22 mol
  H2(aq): 7.070440023266475e-37 mol
volume: 1.0 l
temperature: 298.15 K
pressure: 1 atm
pH: 7.8517767893613195
pE: 8.5
balance_charge: auto
solvent: H2O(aq)
default_diffusion_coeff: 1.6106e-09
log_level: ERROR
