'@module': pyEQL.solution
'@class': Solution
'@version': 1.5.0
solutes:
  H2O(aq): 55.34457593619076 mol
  Na[+1]: 0.026520471960778006 mol
  SO4[-2]: 0.025480538677015135 mol
  Ca[+2]: 0.01015316881777557 mol
  CaSO4(aq): 0.0056848701068866435 mol
  MgSO4(aq): 0.0018969542014411263 mol
  Mg[+2]: 0.0016783530746584156 mol
  K[+1]: 0.001675227415940092 mol
  NaSO4[-1]: 0.001627197028581037 mol
  Ba[+2]: 0.0007822178617342115 mol
  HCO3[-1]: 0.0006042459718656869 mol
  O2(aq): 0.00026173585299995726 mol
  KSO4[-1]: 0.00012313580334001215 mol
  AlO2[-1]: 0.00010574748207639176 mol
  Cl[-1]: 9.200134044609878e-05 mol
  Sr[+2]: 3.18091920969716e-05 mol
  CaHCO3[+1]: 3.009595151927162e-05 mol
  SrSO4(aq): 2.2923393831917755e-05 mol
  CaCO3(aq): 1.5529883709216135e-05 mol
  CO2(aq): 1.4096484564827969e-05 mol
  NaHCO3(aq): 1.4039715271240355e-05 mol
  MgHCO3[+1]: 5.383934088353284e-06 mol
  CO3[-2]: 4.23585350973307e-06 mol
  AlHO2(aq): 3.1700008661299557e-06 mol
  MgCO3(aq): 1.2937875080573355e-06 mol
  OH[-1]: 9.430994927579341e-07 mol
  NaAlO2(aq): 3.276891814996229e-07 mol
  NaCl(aq): 2.575696333174987e-07 mol
  BaCO3(aq): 2.3762897045136918e-07 mol
  NaCO3[-1]: 1.4837010562995885e-07 mol
  CaCl[+1]: 8.037038757240943e-08 mol
  Al13(H6O7)4[+7]: 7.287401765040368e-08 mol
  MgCl[+1]: 5.4033996595274365e-08 mol
  Al(OH)2[+1]: 3.6625999511880264e-08 mol
  SrCO3(aq): 1.6000707010638897e-08 mol
  HSO4[-1]: 1.572686194085751e-08 mol
  H[+1]: 1.5677670635341342e-08 mol
  BaCl[+1]: 9.234198736416558e-09 mol
  KCl(aq): 3.0483754649111113e-09 mol
  NaOH(aq): 2.6182771508124602e-09 mol
  SrCl[+1]: 6.648582226858422e-10 mol
  KOH(aq): 3.3830551090081794e-10 mol
  CaCl2(aq): 5.223776651655972e-12 mol
  AlSO4[+1]: 2.3163780750739535e-12 mol
  Al(SO4)2[-1]: 1.6698186706079408e-12 mol
  KHSO4(aq): 1.1156402494019367e-12 mol
  Al[+3]: 1.0271674877699688e-12 mol
  HCl(aq): 2.080787134728086e-13 mol
  AlOH[+2]: 1.7021906220151017e-16 mol
  Al3(OH)4[+5]: 8.070869901612172e-19 mol
  H2SO4(aq): 1.5236698850294088e-19 mol
  ClO[-1]: 1.1447375232845996e-21 mol
  HClO(aq): 4.359452197236776e-22 mol
  ClO3[-1]: 2.1511239531267838e-27 mol
  ClO4[-1]: 1.2357827619107034e-27 mol
  HSO5[-1]: 1.3995550080983417e-29 mol
  ClO2[-1]: 1.8514719331485814e-31 mol
  HClO2(aq): 2.810885362507507e-36 mol
volume: 1.0 l
temperature: 298.15 K
pressure: 1 atm
pH: 7.80343454427387
pE: 8.5
balance_charge: auto
solvent: H2O(aq)
default_diffusion_coeff: 1.6106e-09
log_level: ERROR
