'@module': pyEQL.solution
'@class': Solution
'@version': 1.3.2.post1.dev89+g8391a3291
solutes:
  H2O(aq): 55.34446603833366 mol
  F[-1]: 0.00470269741393121 mol
  SiO2(aq): 0.0031064274632715584 mol
  NH4[+1]: 0.0015957987311308087 mol
  K[+1]: 0.0009105334590984134 mol
  Ca[+2]: 0.000862011254863002 mol
  S[-0.4]: 0.00026646826230241943 mol
  Mg[+2]: 0.00022391144261905442 mol
  MgF[+1]: 1.665618719088912e-05 mol
  CaF[+1]: 1.3324235662209676e-05 mol
  NH3(aq): 1.1789345210876847e-05 mol
  SiHO3[-1]: 5.389366457793729e-06 mol
  HF(aq): 4.209488830496722e-07 mol
  Sn(OH)4(aq): 2.9793542240343364e-07 mol
  OH[-1]: 1.4605161681461096e-07 mol
  H[+1]: 7.676599238681739e-08 mol
  Sb(OH)3(aq): 4.0948135508176157e-08 mol
  CaOH[+1]: 1.3460529554180663e-09 mol
  S[-0.5]: 7.462158773105251e-10 mol
  Si2H7O8[-1]: 5.861769285951009e-10 mol
  HF2[-1]: 4.260268583906821e-10 mol
  SbH2O2F(aq): 1.154400984105125e-10 mol
  KOH(aq): 4.056320990854768e-11 mol
  Si(HO2)2[-2]: 9.287260492682963e-12 mol
  Sb(OH)4[-1]: 7.185586844334904e-13 mol
  Sb(OH)2[+1]: 9.848935387973811e-14 mol
  Sn(OH)3[+1]: 1.0169019439128385e-14 mol
  SbH4NO2(aq): 1.2746513650483073e-15 mol
  S[-0.66666667]: 1.2688846487240492e-15 mol
  SiH3O4[-1]: 1.5609036471366015e-17 mol
  SiF6[-2]: 8.936480079562174e-20 mol
  S[-1]: 1.2786893043268e-21 mol
  HS[-1]: 5.510649698627558e-22 mol
  H2S(aq): 3.704283087818679e-22 mol
  Sn(OH)2[+2]: 1.8500200114092635e-22 mol
  O2(aq): 3.851309428359992e-24 mol
  MgOH[+1]: 1.8496370970347685e-26 mol
  S[-2]: 1.1632903972971836e-27 mol
  SnOH[+3]: 1.2417579080100783e-28 mol
  H2(aq): 4.038634971693468e-35 mol
  Sn[+4]: 3.3572558984008354e-36 mol
  SbH4S2N(aq): 0.0 mol
  Sb2HS4[-1]: 0.0 mol
  SbS2[-1]: 0.0 mol
  Sn(OH)2(aq): 0.0 mol
  Sn(OH)3[-1]: 0.0 mol
  Sn[+2]: 0.0 mol
  SnF[+1]: 0.0 mol
  SnF2(aq): 0.0 mol
  SnF3[-1]: 0.0 mol
  SnOH[+1]: 0.0 mol
volume: 1.0003142088673442 l
temperature: 298.15 K
pressure: 1 atm
pH: 7.114967569140219
pE: 8.5
charge_balance: '2.2559888817032374e-09'
solvent: H2O(aq)
engine: native
