'@module': pyEQL.solution
'@class': Solution
'@version': 1.5.0
solutes:
  H2O(aq): 55.34457593619076 mol
  SiO2(aq): 0.0027827390543606048 mol
  SO4[-2]: 0.0023355032618373466 mol
  Na[+1]: 0.002201049567181908 mol
  Ca[+2]: 0.0020468709695228306 mol
  Cl[-1]: 0.0016720478744879745 mol
  K[+1]: 0.0003866604122955152 mol
  CaSO4(aq): 0.00029890183314409757 mol
  O2(aq): 0.0002668486784444576 mol
  F[-1]: 0.0002513179149582986 mol
  HCO3[-1]: 0.00019567241006204018 mol
  Mg[+2]: 7.020064936655183e-05 mol
  NaSO4[-1]: 2.197233214771373e-05 mol
  MgSO4(aq): 1.91697878074315e-05 mol
  CO2(aq): 1.437184945708456e-05 mol
  SiHO3[-1]: 1.0010235249621564e-05 mol
  KSO4[-1]: 4.699188597654922e-06 mol
  CaHCO3[+1]: 3.1495287233912985e-06 mol
  CaF[+1]: 1.7322360264117014e-06 mol
  NaSiHO3(aq): 8.375197101999954e-07 mol
  CaCO3(aq): 6.924607309411522e-07 mol
  NaCl(aq): 5.200493793401796e-07 mol
  NaHCO3(aq): 4.970194405551389e-07 mol
  CaCl[+1]: 4.796985484023136e-07 mol
  CO3[-2]: 3.3876979217010073e-07 mol
  OH[-1]: 3.0305446061017944e-07 mol
  MgF[+1]: 2.885203314095456e-07 mol
  MgHCO3[+1]: 1.0829032488004993e-07 mol
  MgCl[+1]: 6.198574995624968e-08 mol
  NaF(aq): 4.7653999799857084e-08 mol
  H[+1]: 3.877648820856683e-08 mol
  KCl(aq): 1.7394858270968158e-08 mol
  MgCO3(aq): 1.1087721965381536e-08 mol
  HSO4[-1]: 6.00535922609123e-09 mol
  Si2H7O8[-1]: 1.7120970930247555e-09 mol
  NaCO3[-1]: 1.6990311154058384e-09 mol
  CaCl2(aq): 7.585030243942993e-10 mol
  NaOH(aq): 9.268953248509464e-11 mol
  Si(HO2)2[-2]: 3.774144975459387e-11 mol
  KOH(aq): 3.384750512169796e-11 mol
  HCl(aq): 1.188060290607106e-11 mol
  HF2[-1]: 7.452787019529896e-13 mol
  KHSO4(aq): 1.3162029223620823e-13 mol
  HF(aq): 3.729203982693368e-16 mol
  SiH3O4[-1]: 2.560286750796607e-16 mol
  H2SO4(aq): 1.798655333625558e-19 mol
  HClO(aq): 2.4891023007088015e-20 mol
  ClO[-1]: 2.114251249015607e-20 mol
  ClO3[-1]: 3.942425112067882e-26 mol
  ClO4[-1]: 2.2648536763932992e-26 mol
  SiF6[-2]: 2.1810440751551215e-28 mol
  HSO5[-1]: 5.344251518143269e-30 mol
  ClO2[-1]: 3.4195409581270735e-30 mol
  HClO2(aq): 1.604922110920457e-34 mol
volume: 1.0 l
temperature: 298.15 K
pressure: 1 atm
pH: 7.41143152534245
pE: 8.5
balance_charge: auto
solvent: H2O(aq)
default_diffusion_coeff: 1.6106e-09
log_level: ERROR
