'@module': pyEQL.solution
'@class': Solution
'@version': 1.5.0
solutes:
  H2O(aq): 55.34457593619076 mol
  SiO2(aq): 0.0027929576720323395 mol
  SO4[-2]: 0.0023443011434695258 mol
  Na[+1]: 0.0022021156694175775 mol
  Ca[+2]: 0.001959303976229824 mol
  Cl[-1]: 0.0016720648357450875 mol
  K[+1]: 0.0003866221193655419 mol
  CaSO4(aq): 0.0002895780107527229 mol
  O2(aq): 0.0002668652692449662 mol
  F[-1]: 0.00025118869758398185 mol
  Mg[+2]: 7.011315727268489e-05 mol
  NaSO4[-1]: 2.2162702748055053e-05 mol
  MgSO4(aq): 1.936963306663057e-05 mol
  CO2(aq): 1.4372742999030228e-05 mol
  HCO3[-1]: 1.1427890852796655e-05 mol
  KSO4[-1]: 4.737472820206663e-06 mol
  CaF[+1]: 1.6637935643628569e-06 mol
  H[+1]: 6.626991495802889e-07 mol
  SiHO3[-1]: 5.867764617637519e-07 mol
  NaCl(aq): 5.214657596805841e-07 mol
  CaCl[+1]: 4.6100347186268236e-07 mol
  MgF[+1]: 2.890253141609505e-07 mol
  CaHCO3[+1]: 1.767595319180132e-07 mol
  HSO4[-1]: 1.0344389446632316e-07 mol
  MgCl[+1]: 6.212905358039855e-08 mol
  NaSiHO3(aq): 4.922317682911768e-08 mol
  NaF(aq): 4.77570129294503e-08 mol
  NaHCO3(aq): 2.9104226965424234e-08 mol
  OH[-1]: 1.7698734841930378e-08 mol
  KCl(aq): 1.7433291787940297e-08 mol
  MgHCO3[+1]: 6.338609718137607e-09 mol
  CaCO3(aq): 2.274588136951102e-09 mol
  CO3[-2]: 1.1530956417232773e-09 mol
  CaCl2(aq): 7.305736750729173e-10 mol
  HCl(aq): 2.0344124297518817e-10 mol
  MgCO3(aq): 3.798542878272754e-11 mol
  HF2[-1]: 1.2748745328564858e-11 mol
  Si2H7O8[-1]: 5.913081072084796e-12 mol
  NaCO3[-1]: 5.8105670452166074e-12 mol
  NaOH(aq): 5.427669363902819e-12 mol
  KHSO4(aq): 2.2720203389248126e-12 mol
  KOH(aq): 1.9810098948478286e-12 mol
  Si(HO2)2[-2]: 1.2891874403996853e-13 mol
  HF(aq): 1.092270948429302e-13 mol
  H2SO4(aq): 5.304925992675475e-17 mol
  HClO(aq): 4.26229266268833e-19 mol
  ClO[-1]: 2.1144217032686926e-20 mol
  SiH3O4[-1]: 2.9828911700923083e-21 mol
  SiF6[-2]: 1.8719602757036354e-23 mol
  ClO3[-1]: 3.942607257747674e-26 mol
  ClO4[-1]: 2.2649583158730816e-26 mol
  HSO5[-1]: 9.205614006276804e-29 mol
  ClO2[-1]: 3.4198166468846156e-30 mol
  HClO2(aq): 2.748238887415071e-33 mol
volume: 1.0 l
temperature: 298.15 K
pressure: 1 atm
pH: 6.178683586724166
pE: 8.5
balance_charge: auto
solvent: H2O(aq)
default_diffusion_coeff: 1.6106e-09
log_level: ERROR
