'@module': pyEQL.solution
'@class': Solution
'@version': 1.5.0
solutes:
  H2O(aq): 55.34457593619076 mol
  SiO2(aq): 0.006469812113475373 mol
  SO4[-2]: 0.005110767109535188 mol
  Na[+1]: 0.005075275599381162 mol
  Ca[+2]: 0.0040532633340432875 mol
  Cl[-1]: 0.003887656658398527 mol
  CaSO4(aq): 0.0009471091396726576 mol
  K[+1]: 0.0008904782401436732 mol
  F[-1]: 0.0005812142536568613 mol
  NH4[+1]: 0.0004594516987261856 mol
  Mg[+2]: 0.00014364231375787488 mol
  NaSO4[-1]: 9.375849132662605e-05 mol
  MgSO4(aq): 6.390922141751726e-05 mol
  SiHO3[-1]: 2.474552685940403e-05 mol
  KSO4[-1]: 1.9961952004219872e-05 mol
  CaF[+1]: 6.848512517458314e-06 mol
  NH3(aq): 6.497168299328603e-06 mol
  NaSiHO3(aq): 4.398142967140686e-06 mol
  NaCl(aq): 2.560274944772737e-06 mol
  CaCl[+1]: 1.9035068264626135e-06 mol
  MgF[+1]: 1.2001634087549727e-06 mol
  OH[-1]: 3.227330187979684e-07 mol
  MgCl[+1]: 2.587930842337936e-07 mol
  NaF(aq): 2.3374618707139852e-07 mol
  KCl(aq): 8.525278888081136e-08 mol
  Si2H7O8[-1]: 6.151578838720097e-08 mol
  H[+1]: 3.9102736331801445e-08 mol
  HSO4[-1]: 1.1342408920701367e-08 mol
  CaCl2(aq): 6.4262335614474674e-09 mol
  NaOH(aq): 2.0935617714919277e-10 mol
  Si(HO2)2[-2]: 1.0806804079500993e-10 mol
  KOH(aq): 7.61074948788998e-11 mol
  HCl(aq): 2.5888826128882118e-11 mol
  HF2[-1]: 3.736104936664622e-12 mol
  KHSO4(aq): 5.257226908125866e-13 mol
  SiH3O4[-1]: 1.5908107711835115e-14 mol
  NH4SO4[-1]: 6.372885931987602e-15 mol
  HF(aq): 1.7578031340142504e-15 mol
  H2SO4(aq): 3.194243348913062e-19 mol
  O2(aq): 6.929131994195358e-23 mol
  SiF6[-2]: 6.547230401116926e-26 mol
  HClO(aq): 2.7682242058760884e-29 mol
  ClO[-1]: 2.5006987198317565e-29 mol
  H2(aq): 9.456196914931675e-36 mol
volume: 1.0 l
temperature: 298.15 K
pressure: 1 atm
pH: 7.407792850475718
pE: 8.5
balance_charge: auto
solvent: H2O(aq)
default_diffusion_coeff: 1.6106e-09
log_level: ERROR
