'@module': pyEQL.solution
'@class': Solution
'@version': 1.5.0
solutes:
  H2O(aq): 55.34457593619076 mol
  SiO2(aq): 0.006469806751291333 mol
  Na[+1]: 0.00507599504355531 mol
  SO4[-2]: 0.005075446612704367 mol
  Ca[+2]: 0.004246020590081123 mol
  Cl[-1]: 0.0038875675224192253 mol
  CaSO4(aq): 0.0009836746420890565 mol
  K[+1]: 0.000890630857491325 mol
  F[-1]: 0.0005808965201743509 mol
  Mg[+2]: 0.00014401492250040913 mol
  NaSO4[-1]: 9.304092741342346e-05 mol
  MgSO4(aq): 6.353445544597434e-05 mol
  SiHO3[-1]: 2.475097305028742e-05 mol
  KSO4[-1]: 1.9809362349569525e-05 mol
  CaF[+1]: 7.164799441802367e-06 mol
  NaSiHO3(aq): 4.397831590074205e-06 mol
  NaCl(aq): 2.559419564280516e-06 mol
  CaCl[+1]: 1.9924396760728784e-06 mol
  MgF[+1]: 1.2018285112028075e-06 mol
  OH[-1]: 3.2280749531156236e-07 mol
  MgCl[+1]: 2.5928521079475283e-07 mol
  NaF(aq): 2.3354816315517774e-07 mol
  KCl(aq): 8.522510462397604e-08 mol
  Si2H7O8[-1]: 6.157260661660779e-08 mol
  H[+1]: 3.9108386908966156e-08 mol
  HSO4[-1]: 1.1256441627052495e-08 mol
  CaCl2(aq): 6.723270936532674e-09 mol
  NaOH(aq): 2.0934152877952842e-10 mol
  Si(HO2)2[-2]: 1.081651146355719e-10 mol
  KOH(aq): 7.610288273062192e-11 mol
  HCl(aq): 2.5882107740764036e-11 mol
  HF2[-1]: 3.731140733519194e-12 mol
  KHSO4(aq): 5.215912454392099e-13 mol
  SiH3O4[-1]: 1.5965733171917194e-14 mol
  HF(aq): 1.7550879369849114e-15 mol
  H2SO4(aq): 3.169347827365583e-19 mol
  O2(aq): 6.929052043250402e-23 mol
  SiF6[-2]: 6.522670538900079e-26 mol
  HClO(aq): 2.767518664717614e-29 mol
  ClO[-1]: 2.5006020687373208e-29 mol
  H2(aq): 9.456000072892888e-36 mol
volume: 1.0 l
temperature: 298.15 K
pressure: 1 atm
pH: 7.407730096883012
pE: 8.5
balance_charge: auto
solvent: H2O(aq)
default_diffusion_coeff: 1.6106e-09
log_level: ERROR
