'@module': pyEQL.solution
'@class': Solution
'@version': 1.5.1.dev50+geb84b2d8f
solutes:
  H2O(aq): 55.34457593619076 mol
  SiO2(aq): 0.002784554810963737 mol
  SO4[-2]: 0.0023370664837496667 mol
  Na[+1]: 0.0022012390276809225 mol
  Ca[+2]: 0.002031289842346001 mol
  Cl[-1]: 0.0016720509134452262 mol
  K[+1]: 0.0003866536293029918 mol
  CaSO4(aq): 0.00029726121401484133 mol
  O2(aq): 0.0002668516392568092 mol
  F[-1]: 0.0002513272182119138 mol
  HCO3[-1]: 0.00016284552338525243 mol
  Mg[+2]: 7.018634022349424e-05 mol
  NaSO4[-1]: 2.2006045939019023e-05 mol
  MgSO4(aq): 1.9205471121373924e-05 mol
  CO2(aq): 1.437200891955535e-05 mol
  SiHO3[-1]: 8.336309144456078e-06 mol
  KSO4[-1]: 4.705970412224056e-06 mol
  CaHCO3[+1]: 2.6029930199697016e-06 mol
  CaF[+1]: 1.7203111644444023e-06 mol
  NaSiHO3(aq): 6.977953567633922e-07 mol
  NaCl(aq): 5.203006157429935e-07 mol
  CaCO3(aq): 4.764689178944957e-07 mol
  CaCl[+1]: 4.7638255645647727e-07 mol
  NaHCO3(aq): 4.1383109229832086e-07 mol
  MgF[+1]: 2.88651856090434e-07 mol
  OH[-1]: 2.522111288715205e-07 mol
  CO3[-2]: 2.3454987383981745e-07 mol
  MgHCO3[+1]: 9.016024385025469e-08 mol
  MgCl[+1]: 6.201222260633764e-08 mol
  NaF(aq): 4.7678393195879553e-08 mol
  H[+1]: 4.252237653353427e-08 mol
  KCl(aq): 1.740167723725354e-08 mol
  MgCO3(aq): 7.685634782383063e-09 mol
  HSO4[-1]: 7.223629526920186e-09 mol
  Si2H7O8[-1]: 1.1884597537026194e-09 mol
  NaCO3[-1]: 1.1773265794723464e-09 mol
  CaCl2(aq): 7.535587887344959e-10 mol
  NaOH(aq): 7.717567431584573e-11 mol
  KOH(aq): 2.8179732158672648e-11 mol
  Si(HO2)2[-2]: 2.6147043329407538e-11 mol
  HCl(aq): 1.4275747296263694e-11 mol
  HF2[-1]: 8.955922515516351e-13 mol
  KHSO4(aq): 1.5838107720683946e-13 mol
  HF(aq): 5.384704574182399e-16 mol
  SiH3O4[-1]: 1.2285229943270278e-16 mol
  H2SO4(aq): 2.599671949800967e-19 mol
  HClO(aq): 2.990908434563438e-20 mol
  ClO[-1]: 2.114281658601712e-20 mol
  ClO3[-1]: 3.9424576252049204e-26 mol
  ClO4[-1]: 2.2648723546171682e-26 mol
  SiF6[-2]: 4.5488775454852655e-28 mol
  HSO5[-1]: 6.428406963237423e-30 mol
  ClO2[-1]: 3.4195901418866646e-30 mol
  HClO2(aq): 1.9284764137665898e-34 mol
volume: 1.0000290686219102 l
temperature: 298.15 K
pressure: 1 atm
pH: 7.37009855177805
pE: 8.5
balance_charge: auto
solvent: H2O(aq)
engine: native
default_diffusion_coeff: 1.6106e-09
log_level: ERROR
