'@module': pyEQL.solution
'@class': Solution
'@version': src
solutes:
  H2O(aq): 55.34457593619076 mol
  SiO2(aq): 0.006469863343397441 mol
  SO4[-2]: 0.005293862172725002 mol
  Na[+1]: 0.005071296575721122 mol
  Cl[-1]: 0.003888227843099237 mol
  Ca[+2]: 0.0033420081530277606 mol
  NH4[+1]: 0.001973302783446358 mol
  K[+1]: 0.0008895870949663005 mol
  CaSO4(aq): 0.0008228471525157056 mol
  NaSO4[-1]: 9.794334978886349e-05 mol
  NH3(aq): 2.7976704907061488e-05 mol
  SiHO3[-1]: 2.4690069525132836e-05 mol
  KSO4[-1]: 2.085274974511294e-05 mol
  NaSiHO3(aq): 4.4046322543484165e-06 mol
  NaCl(aq): 2.570728720110573e-06 mol
  CaCl[+1]: 1.5824299548592826e-06 mol
  OH[-1]: 3.2197449629772707e-07 mol
  KCl(aq): 8.560008967892263e-08 mol
  Si2H7O8[-1]: 6.095056885593314e-08 mol
  H[+1]: 3.904379389269046e-08 mol
  HSO4[-1]: 1.1831290900281389e-08 mol
  CaCl2(aq): 5.3682890079599516e-09 mol
  NaOH(aq): 2.096634137878637e-10 mol
  Si(HO2)2[-2]: 1.070734892422586e-10 mol
  KOH(aq): 7.621847969282963e-11 mol
  HCl(aq): 2.595640197621298e-11 mol
  KHSO4(aq): 5.504200426624293e-13 mol
  NH4SO4[-1]: 2.8624336095506864e-14 mol
  SiH3O4[-1]: 1.532669514594203e-14 mol
  H2SO4(aq): 3.3394275411887427e-19 mol
  O2(aq): 6.930591784266361e-23 mol
  HClO(aq): 2.775445839763688e-29 mol
  ClO[-1]: 2.5015873577595433e-29 mol
  H2(aq): 9.458216859801235e-36 mol
volume: 1.0 l
temperature: 298.15 K
pressure: 1 atm
pH: 7.408447988479583
pE: 8.5
balance_charge: auto
solvent: H2O(aq)
default_diffusion_coeff: 1.6106e-09
log_level: ERROR
