'@module': pyEQL.solution
'@class': Solution
'@version': 1.5.0
solutes:
  H2O(aq): 55.34457593619076 mol
  SiO2(aq): 0.006495602612485412 mol
  Na[+1]: 0.005079633943212806 mol
  SO4[-2]: 0.005075489158568484 mol
  Ca[+2]: 0.004245485996319761 mol
  Cl[-1]: 0.0038875658939168238 mol
  CaSO4(aq): 0.0009834969517847057 mol
  K[+1]: 0.0008906313573465022 mol
  F[-1]: 0.0005807110235425884 mol
  O2(aq): 0.0002660113764490433 mol
  Mg[+2]: 0.00014399931886315153 mol
  NaSO4[-1]: 9.310580307521807e-05 mol
  MgSO4(aq): 6.352478535023361e-05 mol
  HCO3[-1]: 2.5564111328092288e-05 mol
  KSO4[-1]: 1.9808926882949876e-05 mol
  CO2(aq): 1.4326754318153323e-05 mol
  CaF[+1]: 7.161371794614206e-06 mol
  SiHO3[-1]: 3.052758073176285e-06 mol
  NaCl(aq): 2.561219667055774e-06 mol
  CaCl[+1]: 1.9921210848130006e-06 mol
  MgF[+1]: 1.201287721368238e-06 mol
  CaHCO3[+1]: 7.373830522620044e-07 mol
  NaSiHO3(aq): 5.428058644384816e-07 mol
  H[+1]: 3.183471440844578e-07 mol
  MgCl[+1]: 2.5925112449482526e-07 mol
  NaF(aq): 2.336379738009091e-07 mol
  NaHCO3(aq): 1.3799897868477517e-07 mol
  HSO4[-1]: 9.162705934253296e-08 mol
  KCl(aq): 8.52237458373604e-08 mol
  OH[-1]: 3.9656622803673874e-08 mol
  MgHCO3[+1]: 2.5533990699126773e-08 mol
  CaCO3(aq): 1.9509940182004724e-08 mol
  CaCl2(aq): 6.722089593899709e-09 mol
  CO3[-2]: 6.266027324764319e-09 mol
  Si2H7O8[-1]: 9.441413252465081e-10 mol
  MgCO3(aq): 3.1461873171097256e-10 mol
  HCl(aq): 2.1068076601189843e-10 mol
  NaCO3[-1]: 6.1647898371542e-11 mol
  HF2[-1]: 3.0352164135829725e-11 mol
  NaOH(aq): 2.57355342145681e-11 mol
  KOH(aq): 9.349031806870092e-12 mol
  KHSO4(aq): 4.245672366150664e-12 mol
  Si(HO2)2[-2]: 1.6389512822864675e-12 mol
  HF(aq): 1.162177983415572e-13 mol
  H2SO4(aq): 2.099994998263983e-17 mol
  SiH3O4[-1]: 3.695049354123703e-18 mol
  HClO(aq): 4.413967738348784e-19 mol
  ClO[-1]: 4.8995641852467935e-20 mol
  SiF6[-2]: 2.869688465013701e-22 mol
  ClO3[-1]: 9.150782813426105e-26 mol
  ClO4[-1]: 5.256963292321013e-26 mol
  HSO5[-1]: 8.154017645886123e-29 mol
  ClO2[-1]: 7.924441532776199e-30 mol
  HClO2(aq): 2.8460358652788505e-33 mol
volume: 1.0 l
temperature: 298.15 K
pressure: 1 atm
pH: 6.497099041870264
pE: 8.5
balance_charge: auto
solvent: H2O(aq)
default_diffusion_coeff: 1.6106e-09
log_level: ERROR
