'@module': pyEQL.solution
'@class': Solution
'@version': 1.5.1.dev50+geb84b2d8f
solutes:
  H2O(aq): 55.34457593619076 mol
  SiO2(aq): 0.0027838329775104974 mol
  SO4[-2]: 0.0023364447265280175 mol
  Na[+1]: 0.0022011637124228376 mol
  Ca[+2]: 0.002037479627105404 mol
  Cl[-1]: 0.0016720497058019057 mol
  K[+1]: 0.00038665632710552076 mol
  CaSO4(aq): 0.00029791379260484934 mol
  O2(aq): 0.0002668504631833089 mol
  F[-1]: 0.00025132362989196456 mol
  HCO3[-1]: 0.00017589089142865032 mol
  Mg[+2]: 7.019209395543028e-05 mol
  NaSO4[-1]: 2.1992636505459612e-05 mol
  MgSO4(aq): 1.9191295121692864e-05 mol
  CO2(aq): 1.437194557897041e-05 mol
  SiHO3[-1]: 9.00178711161172e-06 mol
  KSO4[-1]: 4.70327307920586e-06 mol
  CaHCO3[+1]: 2.8193094562324193e-06 mol
  CaF[+1]: 1.7250511117736852e-06 mol
  NaSiHO3(aq): 7.533592207798607e-07 mol
  CaCO3(aq): 5.573217041088906e-07 mol
  NaCl(aq): 5.202007393241405e-07 mol
  CaCl[+1]: 4.777003813779392e-07 mol
  NaHCO3(aq): 4.468993774959963e-07 mol
  MgF[+1]: 2.8859996205783557e-07 mol
  CO3[-2]: 2.73674681699794e-07 mol
  OH[-1]: 2.7241613708392886e-07 mol
  MgHCO3[+1]: 9.736699747596822e-08 mol
  MgCl[+1]: 6.200175609828353e-08 mol
  NaF(aq): 4.7668716478108254e-08 mol
  H[+1]: 4.312881637556399e-08 mol
  KCl(aq): 1.739896667812069e-08 mol
  MgCO3(aq): 8.963509439747037e-09 mol
  HSO4[-1]: 6.68503941194004e-09 mol
  Si2H7O8[-1]: 1.385276700234298e-09 mol
  NaCO3[-1]: 1.3732551866105054e-09 mol
  CaCl2(aq): 7.555241684572547e-10 mol
  NaOH(aq): 8.334260390643236e-11 mol
  Si(HO2)2[-2]: 3.0500945661110605e-11 mol
  KOH(aq): 3.043261103676777e-11 mol
  HCl(aq): 1.3216872586747461e-11 mol
  HF2[-1]: 8.291405177017527e-13 mol
  KHSO4(aq): 1.4655027193061777e-13 mol
  HF(aq): 4.615428476957011e-16 mol
  SiH3O4[-1]: 1.6718980186446838e-16 mol
  H2SO4(aq): 2.2274060191223333e-19 mol
  HClO(aq): 2.7690638449869213e-20 mol
  ClO[-1]: 2.114269577732548e-20 mol
  ClO3[-1]: 3.942444708393452e-26 mol
  ClO4[-1]: 2.2648649341367043e-26 mol
  SiF6[-2]: 3.341534616402096e-28 mol
  HSO5[-1]: 5.949108235005779e-30 mol
  ClO2[-1]: 3.419570602568878e-30 mol
  HClO2(aq): 1.785435572537226e-34 mol
volume: 1.000029253117681 l
temperature: 298.15 K
pressure: 1 atm
pH: 7.3652451647218316
pE: 8.5
balance_charge: auto
solvent: H2O(aq)
engine: native
default_diffusion_coeff: 1.6106e-09
log_level: ERROR
