'@module': pyEQL.solution
'@class': Solution
'@version': 1.5.0
solutes:
  H2O(aq): 55.34457593619076 mol
  Ca[+2]: 0.0031289296319600662 mol
  SO4[-2]: 0.003087452544420663 mol
  Cl[-1]: 0.0010902167581009537 mol
  Mg[+2]: 0.0005613589659195342 mol
  CaSO4(aq): 0.0005506524773235087 mol
  HCO3[-1]: 0.0003305013696978453 mol
  O2(aq): 0.00026664482284169644 mol
  Na[+1]: 0.00019539688011981294 mol
  MgSO4(aq): 0.00018565655761914525 mol
  Fe(OH)3(aq): 4.593034794666019e-05 mol
  CO2(aq): 1.4360870268238803e-05 mol
  Zn[+2]: 1.1707792687336127e-05 mol
  AsHO4[-2]: 8.368549712741559e-06 mol
  CaHCO3[+1]: 7.785447324457282e-06 mol
  PbCO3(aq): 5.205085797811582e-06 mol
  Pb[+2]: 3.4052080152139787e-06 mol
  ZnSO4(aq): 2.9640800356222213e-06 mol
  CaCO3(aq): 2.8218625255983563e-06 mol
  NaSO4[-1]: 2.4553799137866866e-06 mol
  Fe(OH)2[+1]: 2.3510769078904726e-06 mol
  MgHCO3[+1]: 1.4072511848977071e-06 mol
  CO3[-2]: 9.894488539885597e-07 mol
  As(HO2)2[-1]: 7.409769604988273e-07 mol
  Fe(OH)4[-1]: 6.137112550993787e-07 mol
  OH[-1]: 5.120865291000428e-07 mol
  CaCl[+1]: 4.5736170201805027e-07 mol
  MgCl[+1]: 3.106899607982842e-07 mol
  MgCO3(aq): 2.375346652631712e-07 mol
  Zn(OH)2(aq): 7.73945049870837e-08 mol
  NaHCO3(aq): 7.274223624563859e-08 mol
  PbCl[+1]: 6.625295084381156e-08 mol
  ZnHCO3[+1]: 6.337203335442377e-08 mol
  ZnCO3(aq): 3.8262507392782096e-08 mol
  H2PbO2(aq): 3.8050870169169175e-08 mol
  NaCl(aq): 2.9356971291465384e-08 mol
  H[+1]: 2.3445946070059187e-08 mol
  ZnCl[+1]: 1.3566433308341294e-08 mol
  ZnHClO(aq): 9.68868877466023e-09 mol
  HSO4[-1]: 4.585545182619581e-09 mol
  Pb(CO3)2[-2]: 3.6377325356539932e-09 mol
  AsO4[-3]: 1.8653441515247087e-09 mol
  CaCl2(aq): 4.598620504489723e-10 mol
  NaCO3[-1]: 4.199867209626947e-10 mol
  HPb2O[+3]: 2.448340118954375e-10 mol
  PbCl2(aq): 2.1556839361675293e-10 mol
  H3PbO3[-1]: 2.0475237383440946e-11 mol
  NaOH(aq): 1.356575481634607e-11 mol
  ZnCl2(aq): 1.3547180725671392e-11 mol
  Zn(OH)3[-1]: 1.2760699436055804e-11 mol
  HCl(aq): 4.582627836929927e-12 mol
  AsH3O4(aq): 2.4531954977150686e-12 mol
  FeCO3[+1]: 1.7560936272162096e-12 mol
  HPbO[+1]: 8.320744531558017e-13 mol
  PbCl3[-1]: 1.1770346673362823e-13 mol
  ZnCl3[-1]: 8.14529791843812e-15 mol
  Fe[+3]: 1.1213364725196924e-15 mol
  Fe[+2]: 8.433757431899682e-16 mol
  H4Pb3O4[+2]: 3.833180300395764e-16 mol
  FeSO4(aq): 1.6104974093811028e-16 mol
  Zn(OH)4[-2]: 1.479959050783043e-16 mol
  PbCl4[-2]: 1.0416966962234322e-16 mol
  FeHCO3[+1]: 9.294288675266107e-17 mol
  FeSO4[+1]: 9.108186638442458e-17 mol
  ZnCl4[-2]: 8.596256021295378e-17 mol
  FeCO3(aq): 1.8634575707551825e-17 mol
  FeOH[+2]: 3.0891245150535965e-18 mol
  Fe(SO4)2[-1]: 2.92867871648579e-18 mol
  FeCl[+1]: 4.2375718773731305e-19 mol
  FeCl[+2]: 1.1388811384485494e-19 mol
  H2SO4(aq): 8.131655681298078e-20 mol
  FeCl2[+1]: 6.214076467382782e-20 mol
  ClO[-1]: 1.377379640419065e-20 mol
  HClO(aq): 9.601052726343988e-21 mol
  Fe3(OH)4[+5]: 3.667552629766362e-21 mol
  Fe(OH)2(aq): 2.981646886157419e-21 mol
  Fe(OH)3[-1]: 6.314232389585324e-24 mol
  FeCl2(aq): 1.9438329496532226e-24 mol
  ClO3[-1]: 2.5694461316256245e-26 mol
  ClO4[-1]: 1.4761014736065904e-26 mol
  FeCl4[-1]: 6.953182086041807e-29 mol
  FeCl4[-2]: 8.514642475735693e-30 mol
  HSO5[-1]: 4.080739532992004e-30 mol
  ClO2[-1]: 2.2277419003518105e-30 mol
  ZnClO4[+1]: 2.0724809720303234e-30 mol
  Fe(OH)4[-2]: 4.29532254198553e-31 mol
  PbClO3[+1]: 3.260380757365632e-32 mol
  AsHO2(aq): 4.66951552591431e-34 mol
  As(OH)3(aq): 4.08222792004085e-34 mol
  HClO2(aq): 6.190561876156754e-35 mol
  AsH2O3[-1]: 1.328217629621333e-35 mol
  AsO2[-1]: 1.2699613067988415e-35 mol
  Pb[+4]: 6.5920008073848224e-37 mol
  AsHO3[-2]: 8.829028257083342e-39 mol
volume: 1.0 l
temperature: 298.15 K
pressure: 1 atm
pH: 7.6299322383051065
pE: 8.5
balance_charge: auto
solvent: H2O(aq)
default_diffusion_coeff: 1.6106e-09
log_level: ERROR
