'@module': pyEQL.solution
'@class': Solution
'@version': 1.5.0
solutes:
  H2O(aq): 55.34457593619076 mol
  HCO3[-1]: 0.0015526071315272781 mol
  Ca[+2]: 0.0014780867536982511 mol
  SO4[-2]: 0.0007853802248801007 mol
  Cl[-1]: 0.00047930061922062675 mol
  Mg[+2]: 0.00028991069357534765 mol
  O2(aq): 0.0002671765396613254 mol
  CaSO4(aq): 8.802674795177826e-05 mol
  Na[+1]: 8.650014979555534e-05 mol
  CaCO3(aq): 3.625069886585188e-05 mol
  MgSO4(aq): 3.2014209129688646e-05 mol
  CO3[-2]: 2.0310409567160413e-05 mol
  Fe(OH)3(aq): 2.0028262568946866e-05 mol
  CaHCO3[+1]: 1.9766917266346348e-05 mol
  CO2(aq): 1.438950730002087e-05 mol
  PbCO3(aq): 4.265215818241192e-06 mol
  Zn[+2]: 4.244074115380427e-06 mol
  AsHO4[-2]: 3.920868833694316e-06 mol
  MgHCO3[+1]: 3.854095046094415e-06 mol
  MgCO3(aq): 3.2915689259419568e-06 mol
  OH[-1]: 2.402956171657106e-06 mol
  Fe(OH)4[-1]: 1.257174695356054e-06 mol
  Zn(OH)2(aq): 7.63176196614634e-07 mol
  ZnCO3(aq): 3.7727336638037526e-07 mol
  ZnSO4(aq): 3.636881709252471e-07 mol
  NaSO4[-1]: 3.215049186316178e-07 mol
  Fe(OH)2[+1]: 2.026064422721477e-07 mol
  NaHCO3(aq): 1.629457392000058e-07 mol
  ZnHCO3[+1]: 1.2349665804759225e-07 mol
  CaCl[+1]: 1.089220234888569e-07 mol
  Pb[+2]: 1.0138074233008431e-07 mol
  MgCl[+1]: 7.981390310385399e-08 mol
  As(HO2)2[-1]: 7.979209057856705e-08 mol
  Pb(CO3)2[-2]: 6.092686879905393e-08 mol
  H2PbO2(aq): 3.118241019401329e-08 mol
  ZnHClO(aq): 8.961490040643585e-09 mol
  NaCl(aq): 6.168337675126124e-09 mol
  H[+1]: 4.675492805244094e-09 mol
  NaCO3[-1]: 4.419243717031138e-09 mol
  AsO4[-3]: 3.524728283207576e-09 mol
  ZnCl[+1]: 2.4798406736277282e-09 mol
  PbCl[+1]: 1.0064535096898756e-09 mol
  Zn(OH)3[-1]: 5.911220652079345e-10 mol
  HSO4[-1]: 2.680623488919474e-10 mol
  H3PbO3[-1]: 7.882464704688383e-11 mol
  CaCl2(aq): 5.198058163102517e-11 mol
  NaOH(aq): 3.038787450651261e-11 mol
  PbCl2(aq): 1.5542870759673473e-12 mol
  ZnCl2(aq): 1.1753431405036438e-12 mol
  HPb2O[+3]: 1.0284503087534667e-12 mol
  HCl(aq): 4.2988015835356944e-13 mol
  FeCO3[+1]: 1.5132201396622654e-13 mol
  AsH3O4(aq): 5.623818099667482e-14 mol
  Zn(OH)4[-2]: 2.983055498253836e-14 mol
  HPbO[+1]: 3.805791549331993e-16 mol
  PbCl3[-1]: 3.7395895559603077e-16 mol
  ZnCl3[-1]: 3.113947307856752e-16 mol
  Fe[+2]: 1.3518917220431635e-17 mol
  FeCO3(aq): 8.124845223694179e-18 mol
  FeHCO3[+1]: 8.009152951965956e-18 mol
  Fe[+3]: 3.252878774625101e-18 mol
  ZnCl4[-2]: 1.3412912824261048e-18 mol
  FeSO4(aq): 8.73800214801569e-19 mol
  PbCl4[-2]: 1.3507825607394466e-19 mol
  H4Pb3O4[+2]: 1.1774205440406835e-19 mol
  FeSO4[+1]: 9.766588638153668e-20 mol
  ClO[-1]: 6.069354488177816e-21 mol
  FeCl[+1]: 3.4252165951859456e-21 mol
  Fe(OH)2(aq): 1.3001209771220451e-21 mol
  H2SO4(aq): 1.0119703532251272e-21 mol
  Fe(SO4)2[-1]: 9.28864561948211e-22 mol
  HClO(aq): 9.006409015153098e-22 mol
  FeOH[+2]: 5.956972261224651e-22 mol
  FeCl[+2]: 1.6923461801093506e-22 mol
  FeCl2[+1]: 4.711552891394004e-23 mol
  Fe(OH)3[-1]: 1.2934097193030821e-23 mol
  Fe3(OH)4[+5]: 4.732776438089301e-26 mol
  ClO3[-1]: 1.1309477654374124e-26 mol
  FeCl2(aq): 7.457402072799047e-27 mol
  ClO4[-1]: 6.497095395722527e-27 mol
  Fe(OH)4[-2]: 3.82842622518891e-30 mol
  ClO2[-1]: 9.816433250957982e-31 mol
  ZnClO4[+1]: 3.788337356584439e-31 mol
  HSO5[-1]: 2.3855235983197625e-31 mol
  FeCl4[-1]: 1.1025981806550255e-32 mol
  FeCl4[-2]: 5.874799434719192e-33 mol
  PbClO3[+1]: 4.952868686425217e-34 mol
  AsHO2(aq): 1.0703824042160496e-35 mol
  As(OH)3(aq): 9.35828688951892e-36 mol
  HClO2(aq): 5.8071478075835095e-36 mol
  AsH2O3[-1]: 1.4302909140312563e-36 mol
  AsO2[-1]: 1.3674569401945625e-36 mol
  AsHO3[-2]: 4.1366142179089414e-39 mol
  Pb[+4]: 5.478954590224452e-40 mol
volume: 1.0 l
temperature: 298.15 K
pressure: 1 atm
pH: 8.330172606969306
pE: 8.5
balance_charge: auto
solvent: H2O(aq)
default_diffusion_coeff: 1.6106e-09
log_level: ERROR
