'@module': pyEQL.solution
'@class': Solution
'@version': 1.5.0
solutes:
  H2O(aq): 55.34457593619076 mol
  Ca[+2]: 0.003130344321222861 mol
  SO4[-2]: 0.0030663590372556984 mol
  Cl[-1]: 0.001090224451024329 mol
  Mg[+2]: 0.0005620596320850991 mol
  CaSO4(aq): 0.0005473549536644406 mol
  HCO3[-1]: 0.0003759862357573807 mol
  O2(aq): 0.0002666458110830749 mol
  Na[+1]: 0.00019540290752866226 mol
  MgSO4(aq): 0.00018468915520598381 mol
  Fe(OH)3(aq): 4.6119211913624916e-05 mol
  CO2(aq): 1.4360923492622537e-05 mol
  Zn[+2]: 1.1643336174645354e-05 mol
  CaHCO3[+1]: 8.862543452268063e-06 mol
  AsHO4[-2]: 8.451391147573038e-06 mol
  PbCO3(aq): 5.762922464151022e-06 mol
  CaCO3(aq): 3.654740086760448e-06 mol
  ZnSO4(aq): 2.9288124310206275e-06 mol
  Pb[+2]: 2.9122013363309557e-06 mol
  NaSO4[-1]: 2.439200033767888e-06 mol
  Fe(OH)2[+1]: 2.0749293949069965e-06 mol
  MgHCO3[+1]: 1.6031939877096756e-06 mol
  CO3[-2]: 1.2803987678396169e-06 mol
  Fe(OH)4[-1]: 7.010433976904659e-07 mol
  As(HO2)2[-1]: 6.578588200957272e-07 mol
  OH[-1]: 5.825607080376688e-07 mol
  CaCl[+1]: 4.576576421238558e-07 mol
  MgCl[+1]: 3.111342270469598e-07 mol
  MgCO3(aq): 3.0788411950502215e-07 mol
  Zn(OH)2(aq): 9.964161680044223e-08 mol
  NaHCO3(aq): 8.276480557184974e-08 mol
  ZnHCO3[+1]: 7.171047949878818e-08 mol
  PbCl[+1]: 5.6673546256061835e-08 mol
  ZnCO3(aq): 4.9261116248039766e-08 mol
  H2PbO2(aq): 4.2128819875126864e-08 mol
  NaCl(aq): 2.9361376755169416e-08 mol
  H[+1]: 2.0607649178925134e-08 mol
  ZnCl[+1]: 1.3494499609033034e-08 mol
  ZnHClO(aq): 1.0964826422335306e-08 mol
  Pb(CO3)2[-2]: 5.2118790224090806e-09 mol
  HSO4[-1]: 4.003690251600662e-09 mol
  AsO4[-3]: 2.1425883925054347e-09 mol
  NaCO3[-1]: 5.436175475161671e-10 mol
  CaCl2(aq): 4.602144661949706e-10 mol
  HPb2O[+3]: 2.0371937592259112e-10 mol
  PbCl2(aq): 1.8442169925665088e-10 mol
  H3PbO3[-1]: 2.5789464226806814e-11 mol
  Zn(OH)3[-1]: 1.8689762901588886e-11 mol
  NaOH(aq): 1.543487137264882e-11 mol
  ZnCl2(aq): 1.3476955568928437e-11 mol
  HCl(aq): 4.028288175373312e-12 mol
  AsH3O4(aq): 1.9145261367541764e-12 mol
  FeCO3[+1]: 1.5498309781348958e-12 mol
  HPbO[+1]: 7.457337137180508e-13 mol
  PbCl3[-1]: 1.0069803089599453e-13 mol
  ZnCl3[-1]: 8.103164127716077e-15 mol
  Fe[+3]: 7.643528104672461e-16 mol
  Fe[+2]: 6.541466379976961e-16 mol
  H4Pb3O4[+2]: 4.2112422024306664e-16 mol
  Zn(OH)4[-2]: 2.465635264677244e-16 mol
  FeSO4(aq): 1.2411185254104724e-16 mol
  PbCl4[-2]: 8.911051396766812e-17 mol
  ZnCl4[-2]: 8.550921934199931e-17 mol
  FeHCO3[+1]: 8.202622712336507e-17 mol
  FeSO4[+1]: 6.169349904084756e-17 mol
  FeCO3(aq): 1.8711212259287172e-17 mol
  Fe(SO4)2[-1]: 1.9705821046129937e-18 mol
  FeOH[+2]: 1.8576440571999365e-18 mol
  FeCl[+1]: 3.2874546703173045e-19 mol
  FeCl[+2]: 7.764789881695226e-20 mol
  H2SO4(aq): 6.240934405110641e-20 mol
  FeCl2[+1]: 4.23765223812854e-20 mol
  ClO[-1]: 1.377394861508321e-20 mol
  HClO(aq): 8.439657014473502e-21 mol
  Fe(OH)2(aq): 2.9939079439779935e-21 mol
  Fe3(OH)4[+5]: 1.9457377622218493e-21 mol
  Fe(OH)3[-1]: 7.212759786815487e-24 mol
  FeCl2(aq): 1.5081807946933283e-24 mol
  ClO3[-1]: 2.56946952786673e-26 mol
  ClO4[-1]: 1.4761149143343594e-26 mol
  FeCl4[-1]: 4.742298471360117e-29 mol
  FeCl4[-2]: 6.605742061414905e-30 mol
  HSO5[-1]: 3.562938851739352e-30 mol
  ClO2[-1]: 2.2277665185887217e-30 mol
  ZnClO4[+1]: 2.0614919950697586e-30 mol
  Fe(OH)4[-2]: 5.581186173596626e-31 mol
  PbClO3[+1]: 2.788967695952885e-32 mol
  AsHO2(aq): 3.6441911370103367e-34 mol
  As(OH)3(aq): 3.1858578154025673e-34 mol
  HClO2(aq): 5.441717741876581e-35 mol
  AsH2O3[-1]: 1.179226520167119e-35 mol
  AsO2[-1]: 1.1275055011029967e-35 mol
  Pb[+4]: 4.353059299070501e-37 mol
  AsHO3[-2]: 8.916428032921598e-39 mol
volume: 1.0 l
temperature: 298.15 K
pressure: 1 atm
pH: 7.685971547611907
pE: 8.5
balance_charge: auto
solvent: H2O(aq)
default_diffusion_coeff: 1.6106e-09
log_level: ERROR
