'@module': pyEQL.solution
'@class': Solution
'@version': 1.5.0
solutes:
  H2O(aq): 55.34457593619076 mol
  HCO3[-1]: 0.003078498690750333 mol
  Ca[+2]: 0.00307315593011193 mol
  SO4[-2]: 0.0016388038063721551 mol
  Cl[-1]: 0.0010902195747190012 mol
  Mg[+2]: 0.0006020844124210407 mol
  CaSO4(aq): 0.000298147920647746 mol
  O2(aq): 0.00026673452142709846 mol
  CaCO3(aq): 0.00024721682379300525 mol
  Na[+1]: 0.00019586886030791982 mol
  MgSO4(aq): 0.00010957925826464853 mol
  CO3[-2]: 8.501590913793275e-05 mol
  CaHCO3[+1]: 7.249301804051916e-05 mol
  Fe(OH)3(aq): 4.3274050346276043e-05 mol
  MgCO3(aq): 2.2684700202947766e-05 mol
  CO2(aq): 1.4365701225519937e-05 mol
  MgHCO3[+1]: 1.4283942998243396e-05 mol
  PbCO3(aq): 9.796369418471937e-06 mol
  AsHO4[-2]: 9.006568070563388e-06 mol
  Zn[+2]: 6.2917979683147844e-06 mol
  Fe(OH)4[-1]: 5.3858632674783096e-06 mol
  OH[-1]: 4.769056525444371e-06 mol
  Zn(OH)2(aq): 3.7109708620533916e-06 mol
  ZnCO3(aq): 1.8346833277890114e-06 mol
  NaSO4[-1]: 1.3331268404100677e-06 mol
  ZnSO4(aq): 8.783945475650569e-07 mol
  NaHCO3(aq): 6.860467463101048e-07 mol
  Pb(CO3)2[-2]: 5.878698907172182e-07 mol
  CaCl[+1]: 4.573671917725291e-07 mol
  MgCl[+1]: 3.386852697048609e-07 mol
  ZnHCO3[+1]: 3.2296523045341477e-07 mol
  Fe(OH)2[+1]: 2.354373477783294e-07 mol
  As(HO2)2[-1]: 8.65095540603078e-08 mol
  Pb[+2]: 7.169675617138522e-08 mol
  H2PbO2(aq): 7.161295321958863e-08 mol
  ZnHClO(aq): 4.989247239946271e-08 mol
  NaCO3[-1]: 3.689574767776009e-08 mol
  NaCl(aq): 2.9735203279822323e-08 mol
  AsO4[-3]: 1.8316815215659494e-08 mol
  ZnCl[+1]: 7.42534120238797e-09 mol
  Zn(OH)3[-1]: 5.699218689754068e-09 mol
  H[+1]: 2.495367296816913e-09 mol
  PbCl[+1]: 1.423329760140191e-09 mol
  CaCl2(aq): 4.646700452231748e-10 mol
  H3PbO3[-1]: 3.5893793623175905e-10 mol
  HSO4[-1]: 2.6397858936201935e-10 mol
  NaOH(aq): 1.2794137812271228e-10 mol
  ZnCl2(aq): 7.492237702194417e-12 mol
  PbCl2(aq): 4.679476620887614e-12 mol
  HPb2O[+3]: 1.012347127073904e-12 mol
  Zn(OH)4[-2]: 6.092983999036476e-13 mol
  HCl(aq): 4.9215194494812e-13 mol
  FeCO3[+1]: 1.758597527173159e-13 mol
  AsH3O4(aq): 3.074806796471812e-14 mol
  ZnCl3[-1]: 4.5063573122852975e-15 mol
  PbCl3[-1]: 2.5559801606705335e-15 mol
  HPbO[+1]: 1.2616602083286714e-15 mol
  ZnCl4[-2]: 4.7082562458495415e-17 mol
  FeCO3(aq): 1.75575019336094e-17 mol
  FeHCO3[+1]: 9.307430744263975e-18 mol
  Fe[+2]: 8.905870572535056e-18 mol
  PbCl4[-2]: 2.2394512343759055e-18 mol
  H4Pb3O4[+2]: 2.058680154607131e-18 mol
  Fe[+3]: 1.2449045707901762e-18 mol
  FeSO4(aq): 9.378108736541752e-19 mol
  FeSO4[+1]: 5.637190738667157e-20 mol
  ClO[-1]: 1.3778818247963556e-20 mol
  FeCl[+1]: 4.557464942121934e-21 mol
  Fe(OH)2(aq): 2.8092420132642405e-21 mol
  HClO(aq): 1.0311063741072061e-21 mol
  Fe(SO4)2[-1]: 9.817649920783137e-22 mol
  H2SO4(aq): 5.025543220257181e-22 mol
  FeOH[+2]: 3.314117167473014e-22 mol
  FeCl[+2]: 1.2892219257678448e-22 mol
  FeCl2[+1]: 7.177452376036356e-23 mol
  Fe(OH)3[-1]: 5.541367234817111e-23 mol
  Fe3(OH)4[+5]: 3.8109726599021616e-26 mol
  ClO3[-1]: 2.5699296700848568e-26 mol
  FeCl2(aq): 2.1124045332521743e-26 mol
  ClO4[-1]: 1.476379257921003e-26 mol
  Fe(OH)4[-2]: 3.474814683899673e-29 mol
  ClO2[-1]: 2.2285541217221493e-30 mol
  ZnClO4[+1]: 1.1343348692334595e-30 mol
  HSO5[-1]: 2.3491816623157584e-31 mol
  FeCl4[-2]: 9.1637386555539e-32 mol
  FeCl4[-1]: 8.117929011098774e-32 mol
  PbClO3[+1]: 7.004362677048052e-34 mol
  HClO2(aq): 6.648362415817079e-36 mol
  AsHO2(aq): 5.8528550353459225e-36 mol
  As(OH)3(aq): 5.11661714893078e-36 mol
  AsH2O3[-1]: 1.5507029362455275e-36 mol
  AsO2[-1]: 1.4827233548293606e-36 mol
  AsHO3[-2]: 9.502153506153817e-39 mol
  Pb[+4]: 1.4993847181060798e-40 mol
volume: 1.0 l
temperature: 298.15 K
pressure: 1 atm
pH: 8.60286552088604
pE: 8.5
balance_charge: auto
solvent: H2O(aq)
default_diffusion_coeff: 1.6106e-09
log_level: ERROR
