'@module': pyEQL.solution
'@class': Solution
'@version': 1.5.0
solutes:
  H2O(aq): 55.34457593619076 mol
  HCO3[-1]: 0.0037722341976541627 mol
  Ca[+2]: 0.003259964914571674 mol
  SO4[-2]: 0.0016260133610744236 mol
  Cl[-1]: 0.001090202958309031 mol
  Mg[+2]: 0.0006184873853635713 mol
  CaSO4(aq): 0.0003081387936443019 mol
  Na[+1]: 0.00019577581570694915 mol
  CO2(aq): 0.00019464548288885227 mol
  MgSO4(aq): 0.00010974605143560686 mol
  CaHCO3[+1]: 9.344528482656042e-05 mol
  CaCO3(aq): 2.8676088670126344e-05 mol
  FeHCO3[+1]: 2.3901054195069856e-05 mol
  Fe[+2]: 1.8826035731374327e-05 mol
  MgHCO3[+1]: 1.784248227157525e-05 mol
  Zn[+2]: 1.2069116826930995e-05 mol
  PbCO3(aq): 9.863097558250548e-06 mol
  CO3[-2]: 9.464024838851471e-06 mol
  AsHO4[-2]: 8.239043856150664e-06 mol
  FeCO3(aq): 4.0572395380617054e-06 mol
  MgCO3(aq): 2.5498867394983364e-06 mol
  FeSO4(aq): 1.9308826892258366e-06 mol
  ZnSO4(aq): 1.6411507646801816e-06 mol
  NaSO4[-1]: 1.3091229661813089e-06 mol
  As(HO2)2[-1]: 8.708169061428303e-07 mol
  NaHCO3(aq): 8.362036711673621e-07 mol
  ZnHCO3[+1]: 7.525948397949491e-07 mol
  Pb[+2]: 6.609070304442166e-07 mol
  CaCl[+1]: 4.810443982543972e-07 mol
  OH[-1]: 4.3126154915949664e-07 mol
  ZnCO3(aq): 3.847222124784203e-07 mol
  MgCl[+1]: 3.451933463378075e-07 mol
  Pb(CO3)2[-2]: 6.590919911245986e-08 mol
  Zn(OH)2(aq): 5.742249178971843e-08 mol
  NaCl(aq): 2.9572511872499535e-08 mol
  H[+1]: 2.7712019718635385e-08 mol
  ZnCl[+1]: 1.4118248543862757e-08 mol
  PbCl[+1]: 1.2993673991127817e-08 mol
  FeCl[+1]: 9.549255685335916e-09 mol
  ZnHClO(aq): 8.53643039540081e-09 mol
  H2PbO2(aq): 5.320446758125837e-09 mol
  NaCO3[-1]: 4.06642329061924e-09 mol
  HSO4[-1]: 2.882047135489144e-09 mol
  AsO4[-3]: 1.530285327001123e-09 mol
  CaCl2(aq): 4.86282328242235e-10 mol
  Fe(OH)2(aq): 4.7903298819191497e-11 mol
  PbCl2(aq): 4.250571981708267e-11 mol
  ZnCl2(aq): 1.417423448746365e-11 mol
  NaOH(aq): 1.150751473369748e-11 mol
  Zn(OH)3[-1]: 7.974140953404294e-12 mol
  HPb2O[+3]: 7.773358252730469e-12 mol
  HCl(aq): 5.441766651419296e-12 mol
  AsH3O4(aq): 3.422966929546578e-12 mol
  H3PbO3[-1]: 2.41129294421008e-12 mol
  Fe(OH)3[-1]: 8.544119139552164e-14 mol
  FeCl2(aq): 4.403996177359422e-14 mol
  PbCl3[-1]: 2.3212849507713638e-14 mol
  ZnCl3[-1]: 8.523825961938197e-15 mol
  HPbO[+1]: 6.018137523313419e-16 mol
  ZnCl4[-2]: 8.948839466437846e-17 mol
  Zn(OH)4[-2]: 7.747284641083335e-17 mol
  PbCl4[-2]: 2.043667618663526e-17 mol
  FeCl4[-2]: 1.9193805869971138e-19 mol
  H2SO4(aq): 6.067886941290319e-20 mol
  H4Pb3O4[+2]: 5.420335262878902e-21 mol
  Fe(OH)4[-2]: 4.8689229280456286e-21 mol
  O2(aq): 2.5236061112209424e-22 mol
  AsHO2(aq): 6.698076527055614e-25 mol
  As(OH)3(aq): 5.855465792624757e-25 mol
  AsH2O3[-1]: 1.60466744902682e-26 mol
  AsO2[-1]: 1.5343356416424322e-26 mol
  ClO[-1]: 1.340099154259106e-29 mol
  HClO(aq): 1.1090484661772523e-29 mol
  AsHO3[-2]: 8.935794573765325e-30 mol
  H2(aq): 4.9752605382558044e-36 mol
volume: 1.0 l
temperature: 298.15 K
pressure: 1 atm
pH: 7.557331820638083
pE: 8.5
balance_charge: auto
solvent: H2O(aq)
default_diffusion_coeff: 1.6106e-09
log_level: ERROR
