'@module': pyEQL.solution
'@class': Solution
'@version': 1.5.1.dev50+geb84b2d8f
solutes:
  H2O(aq): 55.34457593619076 mol
  Ca[+2]: 0.003129161584801999 mol
  SO4[-2]: 0.0030840969576832007 mol
  Cl[-1]: 0.001090218114181332 mol
  Mg[+2]: 0.0005614706823736989 mol
  CaSO4(aq): 0.000550129533258046 mol
  HCO3[-1]: 0.00033773437257377735 mol
  O2(aq): 0.0002666449804012048 mol
  Na[+1]: 0.00019539783954673832 mol
  MgSO4(aq): 0.00018550307641918042 mol
  Fe(OH)3(aq): 4.596510156624429e-05 mol
  CO2(aq): 1.4360878754027427e-05 mol
  Zn[+2]: 1.1697720532444571e-05 mol
  AsHO4[-2]: 8.383100894214577e-06 mol
  CaHCO3[+1]: 7.956651477122745e-06 mol
  PbCO3(aq): 5.2994930643572405e-06 mol
  Pb[+2]: 3.3198908001596927e-06 mol
  ZnSO4(aq): 2.9585037011918363e-06 mol
  CaCO3(aq): 2.9470814199315962e-06 mol
  NaSO4[-1]: 2.452807284458762e-06 mol
  Fe(OH)2[+1]: 2.302426822103712e-06 mol
  MgHCO3[+1]: 1.4383740770119495e-06 mol
  CO3[-2]: 1.0332135627381204e-06 mol
  As(HO2)2[-1]: 7.263818094076028e-07 mol
  Fe(OH)4[-1]: 6.276168204931364e-07 mol
  OH[-1]: 5.23293350088907e-07 mol
  CaCl[+1]: 4.5740970791777435e-07 mol
  MgCl[+1]: 3.107608226690348e-07 mol
  MgCO3(aq): 2.481056992854944e-07 mol
  Zn(OH)2(aq): 8.075347272338739e-08 mol
  NaHCO3(aq): 7.433584269351621e-08 mol
  ZnHCO3[+1]: 6.470520752969757e-08 mol
  PbCl[+1]: 6.459530626484787e-08 mol
  ZnCO3(aq): 3.992312573891651e-08 mol
  H2PbO2(aq): 3.87410153984007e-08 mol
  NaCl(aq): 2.9357676932138053e-08 mol
  H[+1]: 2.075857506718283e-08 mol
  ZnCl[+1]: 1.3555205136119502e-08 mol
  ZnHClO(aq): 9.892701482468561e-09 mol
  HSO4[-1]: 4.482538793320385e-09 mol
  Pb(CO3)2[-2]: 3.867527720110681e-09 mol
  AsO4[-3]: 1.909413594290558e-09 mol
  CaCl2(aq): 4.5991911518565964e-10 mol
  NaCO3[-1]: 4.385803876300099e-10 mol
  HPb2O[+3]: 2.378127163957718e-10 mol
  PbCl2(aq): 2.1017890611345973e-10 mol
  H3PbO3[-1]: 2.1302832356133065e-11 mol
  NaOH(aq): 1.3862947691646962e-11 mol
  Zn(OH)3[-1]: 1.360590888036299e-11 mol
  ZnCl2(aq): 1.3536227381045524e-11 mol
  HCl(aq): 4.484493294085344e-12 mol
  AsH3O4(aq): 2.3533709455057547e-12 mol
  FeCO3[+1]: 1.7197554562216215e-12 mol
  HPbO[+1]: 8.198025531539514e-13 mol
  PbCl3[-1]: 1.14760943942824e-13 mol
  ZnCl3[-1]: 8.138727457110457e-15 mol
  Fe[+3]: 1.0515309482425356e-15 mol
  Fe[+2]: 8.082109793892933e-16 mol
  H4Pb3O4[+2]: 3.9148861427321686e-16 mol
  Zn(OH)4[-2]: 1.6124898369195156e-16 mol
  FeSO4(aq): 1.5417701869535185e-16 mol
  PbCl4[-2]: 1.0156385350695521e-16 mol
  FeHCO3[+1]: 9.101965224278947e-17 mol
  ZnCl4[-2]: 8.589183866760399e-17 mol
  FeSO4[+1]: 8.532612657982116e-17 mol
  FeCO3(aq): 1.8648677604681857e-17 mol
  FeOH[+2]: 2.8367028604681506e-18 mol
  Fe(SO4)2[-1]: 2.740718535551991e-18 mol
  FeCl[+1]: 4.061017959184189e-19 mol
  FeCl[+2]: 1.0680201644078144e-19 mol
  H2SO4(aq): 7.778753940006242e-20 mol
  FeCl2[+1]: 5.827646885904548e-20 mol
  ClO[-1]: 1.3773822311090013e-20 mol
  HClO(aq): 9.395451278080365e-21 mol
  Fe3(OH)4[+5]: 3.2979872701168628e-21 mol
  Fe(OH)2(aq): 2.98390307662218e-21 mol
  Fe(OH)3[-1]: 6.45730146879757e-24 mol
  FeCl2(aq): 1.8628808498589834e-24 mol
  ClO3[-1]: 2.5694501673785497e-26 mol
  ClO4[-1]: 1.4761037920755456e-26 mol
  FeCl4[-1]: 6.520927324000984e-29 mol
  FeCl4[-2]: 8.159929326206452e-30 mol
  HSO5[-1]: 3.989072734776407e-30 mol
  ClO2[-1]: 2.22774609047373e-30 mol
  ZnClO4[+1]: 2.0707656963385704e-30 mol
  Fe(OH)4[-2]: 4.488699069687449e-31 mol
  PbClO3[+1]: 3.178806240019989e-32 mol
  AsHO2(aq): 4.47950557337043e-34 mol
  As(OH)3(aq): 3.916115364187053e-34 mol
  HClO2(aq): 6.05799427929208e-35 mol
  AsH2O3[-1]: 1.302055497706585e-35 mol
  AsO2[-1]: 1.244946743146028e-35 mol
  Pb[+4]: 6.153824208207208e-37 mol
  AsHO3[-2]: 8.844380115745734e-39 mol
volume: 1.0 l
temperature: 298.15 K
pressure: 1 atm
pH: 7.726253087922987
pE: 8.5
balance_charge: auto
solvent: H2O(aq)
default_diffusion_coeff: 1.6106e-09
log_level: ERROR
