'@module': pyEQL.solution
'@class': Solution
'@version': 1.3.2.post1.dev89+g8391a3291
solutes:
  H2O(aq): 55.3405826618702 mol
  SO4[-2]: 0.0034593625495670938 mol
  Ca[+2]: 0.003429668635906457 mol
  CaSO4(aq): 0.0006959153617361026 mol
  Cl[-1]: 0.00047928703834201067 mol
  Mg[+2]: 0.00024156474164706865 mol
  S[-0.4]: 0.00019154583034791396 mol
  MgSO4(aq): 8.735827999358574e-05 mol
  Na[+1]: 6.432374498025208e-05 mol
  HCO3[-1]: 6.21629925045423e-05 mol
  Fe[+2]: 1.733450779246081e-05 mol
  K[+1]: 1.2571758471300457e-05 mol
  CO2(aq): 3.946670205372558e-06 mol
  FeSO4(aq): 3.6144082326809055e-06 mol
  Zn[+2]: 2.5741719178845e-06 mol
  CaHCO3[+1]: 1.6749353980017617e-06 mol
  NaSO4[-1]: 8.931547237146958e-07 mol
  ZnSO4(aq): 7.116053660183001e-07 mol
  CaCO3(aq): 4.126254624226388e-07 mol
  FeHCO3[+1]: 3.5508227523449315e-07 mol
  OH[-1]: 3.504069074804836e-07 mol
  CaCl[+1]: 2.2992690737240772e-07 mol
  KSO4[-1]: 2.122865546701965e-07 mol
  CO3[-2]: 1.281652927872121e-07 mol
  FeOH[+1]: 1.248975459451939e-07 mol
  MgHCO3[+1]: 1.1272002292405411e-07 mol
  ZnOH[+1]: 6.432141451000264e-08 mol
  MgCl[+1]: 5.815300720387061e-08 mol
  FeCO3(aq): 4.838803955219721e-08 mol
  H[+1]: 3.4460686765760056e-08 mol
  MgCO3(aq): 1.2931893682639172e-08 mol
  CaOH[+1]: 1.1654648706013775e-08 mol
  Zn(OH)2(aq): 7.820287172411985e-09 mol
  HSO4[-1]: 7.45432425905056e-09 mol
  NaHCO3(aq): 4.47437570565803e-09 mol
  NaCl(aq): 4.219612405781402e-09 mol
  FeCl[+1]: 3.7830791400430874e-09 mol
  ZnHCO3[+1]: 2.589897609144045e-09 mol
  ZnCl[+1]: 1.2955857092019456e-09 mol
  ZnCO3(aq): 1.0628306267649337e-09 mol
  ZnHClO(aq): 6.288909325909024e-10 mol
  S[-0.5]: 5.926940749616671e-10 mol
  KCl(aq): 1.5685484645977958e-10 mol
  CaCl2(aq): 1.0094043917690411e-10 mol
  Fe(OH)2(aq): 2.8164151227901615e-11 mol
  NaCO3[-1]: 1.7676037160477867e-11 mol
  NaOH(aq): 3.035341241062197e-12 mol
  HCl(aq): 2.943643444396536e-12 mol
  KOH(aq): 1.2318350665735865e-12 mol
  Zn(OH)3[-1]: 8.822563273610327e-13 mol
  ZnCl2(aq): 5.648810493836223e-13 mol
  Fe(OH)3[-1]: 4.081020233930469e-14 mol
  FeCl2(aq): 7.57695842718734e-15 mol
  KHSO4(aq): 5.145149076590744e-15 mol
  S[-0.66666667]: 1.1135946383558975e-15 mol
  ZnCl3[-1]: 1.492864996586971e-16 mol
  Zn(OH)4[-2]: 7.050071179517139e-18 mol
  ZnCl4[-2]: 6.973393248883729e-19 mol
  H2SO4(aq): 1.9319360117493938e-19 mol
  FeCl4[-2]: 6.456975171848327e-21 mol
  Fe(OH)4[-2]: 1.9127907727808593e-21 mol
  S[-1]: 1.2399635197827565e-21 mol
  HS[-1]: 2.2644069962965353e-22 mol
  O2(aq): 1.0728647515548413e-22 mol
  H2S(aq): 6.344182019272939e-23 mol
  MgOH[+1]: 7.590425461285462e-25 mol
  S[-2]: 1.2346723911116545e-27 mol
  HClO(aq): 3.912564064636832e-30 mol
  ClO[-1]: 3.840606501515435e-30 mol
  H2(aq): 7.625363592745176e-36 mol
  ClO2[-1]: 0.0 mol
  ClO3[-1]: 0.0 mol
  ClO4[-1]: 0.0 mol
  HClO2(aq): 0.0 mol
  ZnClO4[+1]: 0.0 mol
volume: 1.0002239078012376 l
temperature: 298.15 K
pressure: 1 atm
pH: 7.462773302800523
pE: 8.5
charge_balance: '-4.1333972291778626e-08'
solvent: H2O(aq)
engine: native
