'@module': pyEQL.solution
'@class': Solution
'@version': 1.5.0
solutes:
  H2O(aq): 55.34457593619076 mol
  HCO3[-1]: 0.0016869894203342505 mol
  Ca[+2]: 0.0015042596635828683 mol
  SO4[-2]: 0.000781557291277077 mol
  Cl[-1]: 0.00047930288124714755 mol
  Mg[+2]: 0.00029225434496555936 mol
  CO2(aq): 9.020864501666396e-05 mol
  CaSO4(aq): 8.877729992820637e-05 mol
  Na[+1]: 8.649222625367516e-05 mol
  MgSO4(aq): 3.1979356417471295e-05 mol
  CaHCO3[+1]: 2.1817830645531302e-05 mol
  Fe[+2]: 1.174609933158194e-05 mol
  FeHCO3[+1]: 7.545298086374603e-06 mol
  CaCO3(aq): 6.926786775333191e-06 mol
  MgHCO3[+1]: 4.213419584098695e-06 mol
  PbCO3(aq): 3.985577185348714e-06 mol
  CO3[-2]: 3.829046893511374e-06 mol
  FeCO3(aq): 1.3250971640134103e-06 mol
  FeSO4(aq): 7.521710503451228e-07 mol
  MgCO3(aq): 6.229569800591816e-07 mol
  Pb[+2]: 5.047661207593687e-07 mol
  OH[-1]: 4.164761265593629e-07 mol
  NaSO4[-1]: 3.191637554280479e-07 mol
  NaHCO3(aq): 1.7683135512767785e-07 mol
  CaCl[+1]: 1.1064384752230995e-07 mol
  MgCl[+1]: 8.030263297857533e-08 mol
  H[+1]: 2.700436369911577e-08 mol
  Pb(CO3)2[-2]: 1.07338303146512e-08 mol
  NaCl(aq): 6.1606048530617465e-09 mol
  PbCl[+1]: 4.999655320512086e-09 mol
  H2PbO2(aq): 4.647805971891246e-09 mol
  FeCl[+1]: 2.96972886801744e-09 mol
  HSO4[-1]: 1.5372993382221784e-09 mol
  NaCO3[-1]: 8.311933482926217e-10 mol
  CaCl2(aq): 5.274091990094713e-11 mol
  Fe(OH)2(aq): 3.382240533857108e-11 mol
  PbCl2(aq): 7.712098699812078e-12 mol
  NaOH(aq): 5.260221360775361e-12 mol
  HPb2O[+3]: 4.418173870199667e-12 mol
  HCl(aq): 2.480271881799361e-12 mol
  H3PbO3[-1]: 2.0362863508251433e-12 mol
  Fe(OH)3[-1]: 5.831702364042444e-14 mol
  FeCl2(aq): 6.4581974281218685e-15 mol
  PbCl3[-1]: 1.8554758424429037e-15 mol
  HPbO[+1]: 2.104665810375423e-16 mol
  PbCl4[-2]: 6.709861747953354e-19 mol
  H2SO4(aq): 3.3485174879897924e-20 mol
  FeCl4[-2]: 5.093350769872302e-21 mol
  Fe(OH)4[-2]: 2.9951926182941278e-21 mol
  H4Pb3O4[+2]: 1.44659501510537e-21 mol
  O2(aq): 2.52868137770705e-22 mol
  ClO[-1]: 5.904529474346614e-30 mol
  HClO(aq): 5.0554127284650445e-30 mol
  H2(aq): 4.9841939528697493e-36 mol
volume: 1.0 l
temperature: 298.15 K
pressure: 1 atm
pH: 7.568566051495861
pE: 8.5
balance_charge: auto
solvent: H2O(aq)
default_diffusion_coeff: 1.6106e-09
log_level: ERROR
