'@module': pyEQL.solution
'@class': Solution
'@version': src
solutes:
  H2O(aq): 55.312231129527554 mol
  Cl[-1]: 0.05417403973005245 mol
  Na[+1]: 0.0379648997471205 mol
  K[+1]: 0.014867641103079783 mol
  NH4[+1]: 0.0008821953643650892 mol
  Mg[+2]: 0.0008694416182247784 mol
  SO4[-2]: 0.000754359956831922 mol
  S[-0.4]: 0.0005477291709584871 mol
  NaCl(aq): 0.0002301588667966639 mol
  Ca[+2]: 0.0001445777041035603 mol
  NaSO4[-1]: 8.052087713762505e-05 mol
  KSO4[-1]: 3.799381461887269e-05 mol
  MgSO4(aq): 3.7376799866720265e-05 mol
  NH3(aq): 2.8996449519109874e-05 mol
  Mn[+2]: 1.9955331201721035e-05 mol
  MgCl[+1]: 1.7882208380560355e-05 mol
  KCl(aq): 1.6984849581454997e-05 mol
  CaSO4(aq): 3.1546490237473498e-06 mol
  MnCl[+1]: 1.038692243074254e-06 mol
  OH[-1]: 8.573722473910427e-07 mol
  CaCl[+1]: 7.49092339141611e-07 mol
  MnSO4(aq): 7.354652668561435e-07 mol
  CaCl2(aq): 3.0391697779709145e-08 mol
  MnOH[+1]: 2.1172020650409832e-08 mol
  H[+1]: 1.6244014394043957e-08 mol
  NaOH(aq): 3.675552412247676e-09 mol
  KOH(aq): 2.9612581795684552e-09 mol
  S[-0.5]: 1.4749845043746921e-09 mol
  CaOH[+1]: 8.429555852373925e-10 mol
  HSO4[-1]: 5.537401265556409e-10 mol
  MnCl3[-1]: 4.111886409241001e-10 mol
  HCl(aq): 1.3229891167730073e-10 mol
  Mn2(OH)3[+1]: 4.9923996975930674e-11 mol
  Mn(OH)2(aq): 3.026977778374648e-12 mol
  Mn2OH[+3]: 1.0644155823987262e-12 mol
  KHSO4(aq): 3.7719002292028674e-13 mol
  S[-0.66666667]: 2.4118356304252423e-15 mol
  NH4SO4[-1]: 1.3893492613035732e-15 mol
  Mn(OH)3[-1]: 2.518622362709512e-16 mol
  H2SO4(aq): 5.878442526885556e-21 mol
  MgOH[+1]: 4.094131652638384e-21 mol
  O2(aq): 2.6625501685610764e-21 mol
  S[-1]: 2.3371855209090394e-21 mol
  Mn(OH)4[-2]: 2.9295449949450973e-22 mol
  HS[-1]: 1.2710282677933142e-22 mol
  H2S(aq): 1.45214708751234e-23 mol
  ClO[-1]: 2.110723741595724e-27 mol
  S[-2]: 1.9615045214458465e-27 mol
  HClO(aq): 8.807747737292975e-28 mol
  H2(aq): 1.5033840221694297e-36 mol
  ClO2[-1]: 0.0 mol
  ClO3[-1]: 0.0 mol
  ClO4[-1]: 0.0 mol
  HClO2(aq): 0.0 mol
volume: 1.000581238116517 l
temperature: 298.15 K
pressure: 1 atm
pH: 7.789558989522088
pE: 8.5
balance_charge: Cl[-1]
solvent: H2O(aq)
engine: native
default_diffusion_coeff: 1.6106e-09
log_level: ERROR
