'@module': pyEQL.solution
'@class': Solution
'@version': 1.3.2.post1.dev89+g8391a3291
solutes:
  H2O(aq): 55.31223111560269 mol
  Cl[-1]: 0.05417403973028091 mol
  Na[+1]: 0.037964899747061055 mol
  K[+1]: 0.01486764110307092 mol
  NH4[+1]: 0.0008821953643728043 mol
  Mg[+2]: 0.0008694416182182275 mol
  SO4[-2]: 0.0007543599568116052 mol
  S[-0.4]: 0.000547729170958493 mol
  NaCl(aq): 0.00023015886684462427 mol
  Ca[+2]: 0.0001445777041031674 mol
  NaSO4[-1]: 8.052087714911585e-05 mol
  KSO4[-1]: 3.799381462422835e-05 mol
  MgSO4(aq): 3.737679986989451e-05 mol
  NH3(aq): 2.8996449511391354e-05 mol
  Mn[+2]: 1.995533120149679e-05 mol
  MgCl[+1]: 1.7882208383936672e-05 mol
  KCl(aq): 1.6984849584964678e-05 mol
  CaSO4(aq): 3.1546490239924146e-06 mol
  MnCl[+1]: 1.0386922432539966e-06 mol
  OH[-1]: 8.573722469766053e-07 mol
  CaCl[+1]: 7.490923392776199e-07 mol
  MnSO4(aq): 7.354652669070112e-07 mol
  CaCl2(aq): 3.039169779160785e-08 mol
  MnOH[+1]: 2.117202064388823e-08 mol
  H[+1]: 1.6244014394214915e-08 mol
  NaOH(aq): 3.675552411245367e-09 mol
  KOH(aq): 2.9612581787557602e-09 mol
  S[-0.5]: 1.4749845043241998e-09 mol
  CaOH[+1]: 8.429555849849175e-10 mol
  HSO4[-1]: 5.53740126646001e-10 mol
  MnCl3[-1]: 4.1118864118361723e-10 mol
  HCl(aq): 1.3229891170757787e-10 mol
  Mn2(OH)3[+1]: 4.992399694420694e-11 mol
  Mn(OH)2(aq): 3.0269777766215333e-12 mol
  Mn2OH[+3]: 1.0644155824116072e-12 mol
  KHSO4(aq): 3.7719002306113494e-13 mol
  S[-0.66666667]: 2.4118356302601294e-15 mol
  NH4SO4[-1]: 1.3893492615102296e-15 mol
  Mn(OH)3[-1]: 2.5186223606641363e-16 mol
  H2SO4(aq): 5.8784425292112586e-21 mol
  MgOH[+1]: 4.0941316517540455e-21 mol
  O2(aq): 2.662550165199806e-21 mol
  S[-1]: 2.337185520668966e-21 mol
  Mn(OH)4[-2]: 2.9295449920077475e-22 mol
  HS[-1]: 1.271028267862513e-22 mol
  H2S(aq): 1.4521470879270814e-23 mol
  ClO[-1]: 2.1107237405251818e-27 mol
  S[-2]: 1.9615045211594313e-27 mol
  HClO(aq): 8.80774773487316e-28 mol
  H2(aq): 1.5033840225420848e-36 mol
  ClO2[-1]: 0.0 mol
  ClO3[-1]: 0.0 mol
  ClO4[-1]: 0.0 mol
  HClO2(aq): 0.0 mol
volume: 1.000581237864823 l
temperature: 298.15 K
pressure: 1 atm
pH: 7.789558989408271
pE: 8.5
charge_balance: '2.6100206576438127e-07'
solvent: H2O(aq)
engine: native
