'@module': pyEQL.solution
'@class': Solution
'@version': src
solutes:
  H2O(aq): 55.34457593619076 mol
  Cl[-1]: 0.0836155886409573 mol
  Na[+1]: 0.06684747987303387 mol
  K[+1]: 0.014798536612557065 mol
  NH4[+1]: 0.0031520270893990853 mol
  SO4[-2]: 0.0026962991127614383 mol
  Mg[+2]: 0.0020077689725106697 mol
  NaCl(aq): 0.0005818085597126827 mol
  S[-0.4]: 0.00046779870589029696 mol
  NaSO4[-1]: 0.0004269764949779467 mol
  MgSO4(aq): 0.00023395491974006943 mol
  Pb[+2]: 0.00020691182498775655 mol
  PbCl[+1]: 0.00018090971179374188 mol
  KSO4[-1]: 0.00011316075351563819 mol
  NH3(aq): 8.633139573395397e-05 mol
  MgCl[+1]: 5.780295407717646e-05 mol
  PbCl2(aq): 3.4099121104449135e-05 mol
  HPbO[+1]: 3.017564670172437e-05 mol
  H4Pb3O4[+2]: 2.526177191061425e-05 mol
  KCl(aq): 2.411579378474415e-05 mol
  H2PbO2(aq): 2.466069601147976e-06 mol
  PbCl3[-1]: 1.3972243137253329e-06 mol
  HPb2O[+3]: 1.3064146524761916e-06 mol
  OH[-1]: 7.838180173971238e-07 mol
  PbCl4[-2]: 1.230298092333377e-07 mol
  H[+1]: 1.8944468376996386e-08 mol
  NaOH(aq): 5.441944900278468e-09 mol
  KOH(aq): 2.4626078196714143e-09 mol
  H3PbO3[-1]: 2.015718032479493e-09 mol
  HSO4[-1]: 1.982150358055475e-09 mol
  S[-0.5]: 1.345430672402276e-09 mol
  HCl(aq): 2.2575833651362397e-10 mol
  KHSO4(aq): 1.2319278152480539e-12 mol
  NH4SO4[-1]: 1.4798308793926445e-14 mol
  S[-0.66666667]: 2.3496452365472303e-15 mol
  H2SO4(aq): 2.3074643993454045e-20 mol
  S[-1]: 2.4318035988473725e-21 mol
  O2(aq): 1.552392596854169e-21 mol
  HS[-1]: 1.4188409133989194e-22 mol
  H2S(aq): 1.7721885667684296e-23 mol
  ClO[-1]: 2.518624316804457e-27 mol
  S[-2]: 2.134420266132543e-27 mol
  HClO(aq): 1.1524948610768921e-27 mol
  H2(aq): 1.94189900742886e-36 mol
volume: 1.0 l
temperature: 298.15 K
pressure: 1 atm
pH: 7.722517577466127
pE: 8.5
balance_charge: auto
solvent: H2O(aq)
default_diffusion_coeff: 1.6106e-09
log_level: ERROR
