'@module': pyEQL.solution
'@class': Solution
'@version': 1.5.0
solutes:
  H2O(aq): 55.34457593619076 mol
  Cl[-1]: 0.08359708682979194 mol
  Na[+1]: 0.06684800905929207 mol
  K[+1]: 0.014799570200663654 mol
  NH4[+1]: 0.0031521476617500646 mol
  SO4[-2]: 0.0026800849299728827 mol
  Mg[+2]: 0.0020101524108933786 mol
  NaCl(aq): 0.0005867873200667068 mol
  S5[-2]: 0.0004677987043085 mol
  NaSO4[-1]: 0.0004223627366316018 mol
  Ca[+2]: 0.000346978825418439 mol
  MgSO4(aq): 0.00023104350155157865 mol
  Pb[+2]: 0.0002071314485249924 mol
  PbCl[+1]: 0.00018224072507470703 mol
  KSO4[-1]: 0.00011192386657714719 mol
  NH3(aq): 8.621082338314517e-05 mol
  Fe[+2]: 8.59077006167566e-05 mol
  MgCl[+1]: 5.833093388295892e-05 mol
  PbCl2(aq): 3.464413511201824e-05 mol
  HPbO[+1]: 3.0241582107401128e-05 mol
  H4Pb3O4[+2]: 2.5113570810496467e-05 mol
  KCl(aq): 2.4319095756271126e-05 mol
  CaSO4(aq): 1.9687582124993178e-05 mol
  FeSO4(aq): 5.288683372469622e-06 mol
  CaCl[+1]: 2.4669640788636075e-06 mol
  H2PbO2(aq): 2.4575213154107217e-06 mol
  FeCl[+1]: 2.099388719725184e-06 mol
  PbCl3[-1]: 1.434907783338059e-06 mol
  HPb2O[+3]: 1.3099247287276185e-06 mol
  OH[-1]: 7.847485673798049e-07 mol
  CaCl2(aq): 1.4492223781770276e-07 mol
  PbCl4[-2]: 1.280464912274605e-07 mol
  H[+1]: 1.8954765469294367e-08 mol
  NaOH(aq): 5.435724873690358e-09 mol
  KOH(aq): 2.4594830169582266e-09 mol
  H3PbO3[-1]: 2.010924548669769e-09 mol
  HSO4[-1]: 1.9629297647874457e-09 mol
  S4[-2]: 1.3467302676051543e-09 mol
  FeCl2(aq): 5.626510722235259e-10 mol
  Fe(OH)2(aq): 3.4683625048714027e-10 mol
  HCl(aq): 2.279454608485363e-10 mol
  FeCl4[-2]: 1.8850739221946422e-11 mol
  KHSO4(aq): 1.2171047825644856e-12 mol
  Fe(OH)3[-1]: 1.1169223079529706e-12 mol
  NH4SO4[-1]: 1.4634344736379088e-14 mol
  S3[-2]: 2.3541866341463128e-15 mol
  Fe(OH)4[-2]: 1.5357972097742234e-19 mol
  H2SO4(aq): 2.282543210807044e-20 mol
  S2[-2]: 2.4388572986716498e-21 mol
  O2(aq): 1.5518412941446999e-21 mol
  HS[-1]: 1.4191876711231628e-22 mol
  H2S(aq): 1.7704783981639926e-23 mol
  ClO[-1]: 2.5458017185393406e-27 mol
  S[-2]: 2.1412920968448217e-27 mol
  HClO(aq): 1.1636329602286912e-27 mol
  H2(aq): 1.9412999868540603e-36 mol
volume: 1.0 l
temperature: 298.15 K
pressure: 1 atm
pH: 7.722281584807656
pE: 8.5
balance_charge: auto
solvent: H2O(aq)
default_diffusion_coeff: 1.6106e-09
log_level: ERROR
