'@module': pyEQL.solution
'@class': Solution
'@version': 1.5.0
solutes:
  H2O(aq): 55.34457593619076 mol
  Na[+1]: 0.2760253848254827 mol
  SO4[-2]: 0.18784532467977133 mol
  CaSO4(aq): 0.08619026350894247 mol
  Ca[+2]: 0.08003208558905586 mol
  NaSO4[-1]: 0.0558631661726024 mol
  HSO4[-1]: 0.007201277272176548 mol
  H[+1]: 0.0019307520634855339 mol
  As(HO2)2[-1]: 0.0018221425067809864 mol
  ZnSO4(aq): 0.0013894521109459508 mol
  Zn[+2]: 0.0008969071150165091 mol
  Pb[+2]: 0.00038235489734537867 mol
  AsH3O4(aq): 0.00033412460499059943 mol
  O2(aq): 0.00022734045248010073 mol
  CO2(aq): 1.2244028254498715e-05 mol
  AsHO4[-2]: 7.969851194164711e-07 mol
  H2SO4(aq): 7.072878560134862e-09 mol
  HCO3[-1]: 5.896975569019812e-09 mol
  CaHCO3[+1]: 1.3500342366535716e-09 mol
  NaHCO3(aq): 1.0414290053878679e-09 mol
  ZnOH[+1]: 2.2469175283072607e-10 mol
  HPb2O[+3]: 4.9411803486050004e-11 mol
  ZnHCO3[+1]: 3.291030440692021e-11 mol
  OH[-1]: 9.424760405388959e-12 mol
  CaOH[+1]: 2.5824275714465316e-12 mol
  NaOH(aq): 1.9421688519467336e-13 mol
  PbCO3(aq): 3.155020783429505e-14 mol
  AsO4[-3]: 1.3816886707244007e-14 mol
  CaCO3(aq): 5.0182693989780215e-15 mol
  CO3[-2]: 6.137167255458359e-16 mol
  Zn(OH)2(aq): 4.0733901269049695e-16 mol
  H2PbO2(aq): 2.2792587922636874e-16 mol
  ZnCO3(aq): 2.0378142371823276e-16 mol
  NaCO3[-1]: 1.0856252005282548e-16 mol
  Pb[+4]: 9.399114689563651e-24 mol
  HSO5[-1]: 6.4085153852567714e-24 mol
  HPbO[+1]: 2.58026471228453e-24 mol
  H3PbO3[-1]: 2.1883361813679442e-24 mol
  Zn(OH)3[-1]: 1.1983299354950028e-24 mol
  AsHO2(aq): 6.435664699991066e-26 mol
  As(OH)3(aq): 5.559984080093399e-26 mol
  Pb(CO3)2[-2]: 1.5236440612094438e-26 mol
  AsH2O3[-1]: 3.2662308414550946e-32 mol
  AsO2[-1]: 3.160191568515244e-32 mol
  S2O8[-2]: 8.130083326931592e-33 mol
  Zn(OH)4[-2]: 5.318984435503583e-34 mol
  AsHO3[-2]: 8.40839139557176e-40 mol
  H4Pb3O4[+2]: 0.0 mol
  AsH3(aq): 0.0 mol
  H2C(aq): 0.0 mol
  H3C(aq): 0.0 mol
  CH4(aq): 0.0 mol
  CO(aq): 0.0 mol
  H2(aq): 0.0 mol
  H2S(aq): 0.0 mol
  H2SO3(aq): 0.0 mol
  AsHS2(aq): 0.0 mol
  HS[-1]: 0.0 mol
  HS2O3[-1]: 0.0 mol
  HSO3[-1]: 0.0 mol
  S[-2]: 0.0 mol
  S2[-2]: 0.0 mol
  S2O3[-2]: 0.0 mol
  SO2[-1]: 0.0 mol
  S2O5[-2]: 0.0 mol
  S2O6[-2]: 0.0 mol
  S3[-2]: 0.0 mol
  SO2[-0.66666667]: 0.0 mol
  S4[-2]: 0.0 mol
  S2O3[-1]: 0.0 mol
  S5[-2]: 0.0 mol
  S5O6[-2]: 0.0 mol
  SO2(aq): 0.0 mol
  SO3[-2]: 0.0 mol
volume: 1.0 l
temperature: 298.15 K
pressure: 1 atm
pH: 2.714273492338405
pE: 8.5
balance_charge: auto
solvent: H2O(aq)
default_diffusion_coeff: 1.6106e-09
log_level: ERROR
