'@module': pyEQL.solution
'@class': Solution
'@version': 1.5.0
solutes:
  H2O(aq): 55.34457593619076 mol
  Na[+1]: 0.2760253318669887 mol
  SO4[-2]: 0.18784553150740724 mol
  CaSO4(aq): 0.08619031182550446 mol
  Ca[+2]: 0.08003203727410003 mol
  NaSO4[-1]: 0.0558632191323352 mol
  HSO4[-1]: 0.007200968534240112 mol
  H[+1]: 0.0019306671019755444 mol
  As(HO2)2[-1]: 0.0018217490897391372 mol
  ZnSO4(aq): 0.0013894527455663407 mol
  Zn[+2]: 0.0008969064804246611 mol
  Pb[+2]: 0.00038235489727652186 mol
  AsH3O4(aq): 0.00033403776383049535 mol
  CO2(aq): 1.2228881317653014e-05 mol
  AsHO4[-2]: 7.968480834563128e-07 mol
  AsHO2(aq): 2.5773140313190767e-07 mol
  As(OH)3(aq): 2.226635774093905e-07 mol
  H2SO4(aq): 7.0722640843794496e-09 mol
  HCO3[-1]: 5.8899627128203026e-09 mol
  CaHCO3[+1]: 1.3484279489360803e-09 mol
  NaHCO3(aq): 1.0401903136686013e-09 mol
  ZnOH[+1]: 2.247023700790435e-10 mol
  HPb2O[+3]: 4.941417170628491e-11 mol
  ZnHCO3[+1]: 3.287114389944328e-11 mol
  OH[-1]: 9.425212214022415e-12 mol
  CaOH[+1]: 2.5825498657886816e-12 mol
  NaOH(aq): 1.942261598276843e-13 mol
  AsH2O3[-1]: 1.30810203718665e-13 mol
  AsO2[-1]: 1.265629098920652e-13 mol
  PbCO3(aq): 3.15140755874871e-14 mol
  AsO4[-3]: 1.381511813899106e-14 mol
  CaCO3(aq): 5.012519235759959e-15 mol
  CO3[-2]: 6.130138358459387e-16 mol
  Zn(OH)2(aq): 4.0737779162549476e-16 mol
  H2PbO2(aq): 2.279477421143247e-16 mol
  ZnCO3(aq): 2.035479004812392e-16 mol
  NaCO3[-1]: 1.0843816615247063e-16 mol
  AsHO3[-2]: 3.3676485640688234e-21 mol
  HSO3[-1]: 4.369713443148565e-24 mol
  HPbO[+1]: 2.5807595464721727e-24 mol
  H3PbO3[-1]: 2.1886509983080878e-24 mol
  Zn(OH)3[-1]: 1.1985014655055286e-24 mol
  H2SO3(aq): 4.360131269877824e-25 mol
  H4Pb3O4[+2]: 3.9884585719419824e-25 mol
  SO2(aq): 3.5030766491470777e-25 mol
  H2(aq): 1.6332363918356622e-26 mol
  Pb(CO3)2[-2]: 1.5201560909074686e-26 mol
  SO3[-2]: 6.01412042399362e-28 mol
  S2O5[-2]: 3.529968091405173e-32 mol
  Zn(OH)4[-2]: 5.320000628128387e-34 mol
  S2O6[-2]: 5.509899086035424e-40 mol
volume: 1.0 l
temperature: 298.15 K
pressure: 1 atm
pH: 2.7142926036098767
pE: 8.5
balance_charge: auto
solvent: H2O(aq)
default_diffusion_coeff: 1.6106e-09
log_level: ERROR
