'@module': pyEQL.solution
'@class': Solution
'@version': 1.5.0
solutes:
  H2O(aq): 55.34457593619076 mol
  Na[+1]: 0.27602533186698863 mol
  SO4[-2]: 0.18784553150740724 mol
  CaSO4(aq): 0.08619031182550446 mol
  Ca[+2]: 0.08003203727410003 mol
  NaSO4[-1]: 0.05586321913233517 mol
  HSO4[-1]: 0.007200968534239964 mol
  H[+1]: 0.001930667101975505 mol
  As(HO2)2[-1]: 0.0018217490897391446 mol
  ZnSO4(aq): 0.0013894527455663407 mol
  Zn[+2]: 0.0008969064804246611 mol
  Pb[+2]: 0.00038235489727652186 mol
  AsH3O4(aq): 0.0003340377638304899 mol
  CO2(aq): 1.2228881317652965e-05 mol
  AsHO4[-2]: 7.968480834563323e-07 mol
  AsHO2(aq): 2.57731403131895e-07 mol
  As(OH)3(aq): 2.2266357740937956e-07 mol
  H2SO4(aq): 7.07226408437916e-09 mol
  HCO3[-1]: 5.8899627128203985e-09 mol
  CaHCO3[+1]: 1.3484279489361023e-09 mol
  NaHCO3(aq): 1.040190313668614e-09 mol
  ZnOH[+1]: 2.2470237007904811e-10 mol
  HPb2O[+3]: 4.9414171706285915e-11 mol
  ZnHCO3[+1]: 3.2871143899443815e-11 mol
  OH[-1]: 9.42521221402257e-12 mol
  CaOH[+1]: 2.5825498657887454e-12 mol
  NaOH(aq): 1.942261598276891e-13 mol
  AsH2O3[-1]: 1.3081020371866018e-13 mol
  AsO2[-1]: 1.2656290989206004e-13 mol
  PbCO3(aq): 3.151407558748827e-14 mol
  AsO4[-3]: 1.3815118138991624e-14 mol
  CaCO3(aq): 5.012519235760124e-15 mol
  CO3[-2]: 6.130138358459638e-16 mol
  Zn(OH)2(aq): 4.0737779162551143e-16 mol
  H2PbO2(aq): 2.27947742114334e-16 mol
  ZnCO3(aq): 2.035479004812467e-16 mol
  NaCO3[-1]: 1.0843816615247462e-16 mol
  AsHO3[-2]: 3.367648564068768e-21 mol
  HSO3[-1]: 4.3697134431484934e-24 mol
  HPbO[+1]: 2.580759546472384e-24 mol
  H3PbO3[-1]: 2.188650998308231e-24 mol
  Zn(OH)3[-1]: 1.1985014655055973e-24 mol
  H2SO3(aq): 4.360131269877681e-25 mol
  H4Pb3O4[+2]: 3.9884585719423085e-25 mol
  SO2(aq): 3.503076649146934e-25 mol
  H2(aq): 1.633236391835609e-26 mol
  Pb(CO3)2[-2]: 1.520156090907593e-26 mol
  SO3[-2]: 6.01412042399362e-28 mol
  S2O5[-2]: 3.529968091405173e-32 mol
  Zn(OH)4[-2]: 5.320000628128822e-34 mol
  S2O6[-2]: 5.509899086035424e-40 mol
volume: 1.0 l
temperature: 298.15 K
pressure: 1 atm
pH: 2.7142926036098856
pE: 8.5
balance_charge: auto
solvent: H2O(aq)
default_diffusion_coeff: 1.6106e-09
log_level: ERROR
