'@module': pyEQL.solution
'@class': Solution
'@version': 1.4.0rc12.dev164+gdf2936156
solutes:
  H2O(aq): 55.34457593619076 mol
  Na[+1]: 0.03314451675156827 mol
  SO4[-2]: 0.027097058061324834 mol
  Ca[+2]: 0.011525913596204007 mol
  CaSO4(aq): 0.00659205155888402 mol
  HSO4[-1]: 0.002372848653444028 mol
  H[+1]: 0.0022697164794410977 mol
  NaSO4[-1]: 0.0021136723220624557 mol
  As(HO2)2[-1]: 0.00019407242770897346 mol
  Zn[+2]: 0.00014229773356903543 mol
  ZnSO4(aq): 0.00011706990302027477 mol
  AsH3O4(aq): 5.042121670743751e-05 mol
  Pb[+2]: 4.337472233049605e-05 mol
  Fe[+2]: 1.0490338874279672e-05 mol
  Cd[+2]: 7.853134003689183e-06 mol
  FeSO4(aq): 6.509697614814801e-06 mol
  Cu[+2]: 3.4565270857972195e-07 mol
  CuSO4(aq): 3.100353839818441e-07 mol
  AsHO2(aq): 5.644164090276807e-08 mol
  As(OH)3(aq): 4.927884621036917e-08 mol
  AsHO4[-2]: 3.7161476224428424e-08 mol
  CdSO4(aq): 2.9332190525307985e-08 mol
  H2SO4(aq): 3.302022824735348e-09 mol
  ZnOH[+1]: 4.2854532157218385e-11 mol
  OH[-1]: 6.567871868455033e-12 mol
  CuOH[+1]: 4.896244447778314e-12 mol
  FeOH[+1]: 9.109879769919904e-13 mol
  HPb2O[+3]: 4.80645083611713e-13 mol
  CaOH[+1]: 4.4709363511131246e-13 mol
  NaOH(aq): 2.253820659682761e-14 mol
  AsH2O3[-1]: 2.0431981859721757e-14 mol
  AsO2[-1]: 1.956123490188633e-14 mol
  AsO4[-3]: 1.853815426971609e-16 mol
  Zn(OH)2(aq): 7.508191413183573e-17 mol
  H2PbO2(aq): 3.5958597963718685e-17 mol
  Cd2OH[+3]: 1.726541473619269e-17 mol
  Cd(OH)2(aq): 3.788602185638194e-21 mol
  Fe(OH)2(aq): 2.9602396450913136e-21 mol
  AsHO3[-2]: 2.3027022433331983e-22 mol
  H3PbO3[-1]: 2.4625244380183307e-25 mol
  Zn(OH)3[-1]: 1.5754808727326954e-25 mol
  H2(aq): 2.782161645851721e-26 mol
  HPbO[+1]: 2.8463287007542757e-28 mol
  Fe(OH)3[-1]: 7.978195416271993e-29 mol
  HSeO3[-1]: 2.1300933187199302e-29 mol
  H2SeO3(aq): 1.1936149799123436e-29 mol
  Cd(OH)3[-1]: 2.9110978563762685e-31 mol
  SeO3[-2]: 1.1956481129227576e-33 mol
  Zn(OH)4[-2]: 3.093908406403968e-35 mol
  CuO2[-2]: 1.0782498052697331e-35 mol
  SeO4[-2]: 3.1932002226425695e-40 mol
  H4Pb3O4[+2]: 0.0 mol
  CdOH[+1]: 0.0 mol
  AsH3(aq): 0.0 mol
  Cd(OH)4[-2]: 0.0 mol
  CdSeO4(aq): 0.0 mol
  Fe(OH)4[-2]: 0.0 mol
  H2Se(aq): 0.0 mol
  HSe[-1]: 0.0 mol
  HSeO4[-1]: 0.0 mol
  O2(aq): 0.0 mol
  Pb[+4]: 0.0 mol
  Se[-2]: 0.0 mol
  ZnSeO4(aq): 0.0 mol
volume: 1.0 l
temperature: 298.15 K
pressure: 1 atm
pH: 2.644028389108361
pE: 8.5
balance_charge: auto
solvent: H2O(aq)
default_diffusion_coeff: 1.6106e-09
log_level: ERROR
