'@module': pyEQL.solution
'@class': Solution
'@version': 1.5.0
solutes:
  H2O(aq): 55.34457593619076 mol
  Na[+1]: 0.03316347029298571 mol
  SO4[-2]: 0.027091533829577304 mol
  Ca[+2]: 0.011533096970560949 mol
  CaSO4(aq): 0.006597572988719894 mol
  HSO4[-1]: 0.002372873294461216 mol
  H[+1]: 0.0022697264524605514 mol
  NaSO4[-1]: 0.002120485817760867 mol
  O2(aq): 0.00026136297118502905 mol
  As(HO2)2[-1]: 0.00019420345844390214 mol
  Zn[+2]: 0.00014228397303225738 mol
  ZnSO4(aq): 0.00011708365820297608 mol
  AsH3O4(aq): 5.0459600722434665e-05 mol
  Pb[+2]: 4.337494163148775e-05 mol
  CO2(aq): 1.4076402017143688e-05 mol
  AsHO4[-2]: 3.71785990721821e-08 mol
  HCO3[-1]: 4.20578376038919e-09 mol
  H2SO4(aq): 3.3023412401422024e-09 mol
  CaHCO3[+1]: 2.3389668300402425e-10 mol
  NaHCO3(aq): 1.2124192450878606e-10 mol
  ZnOH[+1]: 4.2854172964185527e-11 mol
  OH[-1]: 6.5672392703752015e-12 mol
  ZnHCO3[+1]: 6.276794139483408e-12 mol
  CaOH[+1]: 4.474117964272618e-13 mol
  NaOH(aq): 2.261049847016146e-14 mol
  CaCO3(aq): 8.314431559492673e-16 mol
  CO3[-2]: 2.0743251107063484e-16 mol
  AsO4[-3]: 1.8540458023857358e-16 mol
  Zn(OH)2(aq): 7.508265876229995e-17 mol
  ZnCO3(aq): 3.71680595294597e-17 mol
  NaCO3[-1]: 8.919537528077786e-18 mol
  HSO5[-1]: 2.1116524805360282e-24 mol
  Pb[+4]: 1.8955896599625576e-25 mol
  Zn(OH)3[-1]: 1.5753521677486173e-25 mol
  AsHO2(aq): 9.61723924027619e-27 mol
  As(OH)3(aq): 8.396705076912822e-27 mol
  AsH2O3[-1]: 3.481140048740218e-33 mol
  AsO2[-1]: 3.332803353328324e-33 mol
  S2O8[-2]: 5.417209169113934e-34 mol
  Zn(OH)4[-2]: 3.092975604964044e-35 mol
  AsH3(aq): 0.0 mol
  AsHO3[-2]: 0.0 mol
  H2C(aq): 0.0 mol
  H3C(aq): 0.0 mol
  CH4(aq): 0.0 mol
  CO(aq): 0.0 mol
  H2(aq): 0.0 mol
  H2S(aq): 0.0 mol
  H2SO3(aq): 0.0 mol
  AsHS2(aq): 0.0 mol
  HS[-1]: 0.0 mol
  HS2O3[-1]: 0.0 mol
  HSO3[-1]: 0.0 mol
  S[-2]: 0.0 mol
  S2[-2]: 0.0 mol
  S2O3[-2]: 0.0 mol
  SO2[-1]: 0.0 mol
  S2O5[-2]: 0.0 mol
  S2O6[-2]: 0.0 mol
  S3[-2]: 0.0 mol
  SO2[-0.66666667]: 0.0 mol
  S4[-2]: 0.0 mol
  S2O3[-1]: 0.0 mol
  S5[-2]: 0.0 mol
  S5O6[-2]: 0.0 mol
  SO2(aq): 0.0 mol
  SO3[-2]: 0.0 mol
volume: 1.0 l
temperature: 298.15 K
pressure: 1 atm
pH: 2.644026480844558
pE: 8.5
balance_charge: auto
solvent: H2O(aq)
default_diffusion_coeff: 1.6106e-09
log_level: ERROR
