'@module': pyEQL.solution
'@class': Solution
'@version': 1.5.0
solutes:
  H2O(aq): 55.34457593619076 mol
  Na[+1]: 0.03316850739140592 mol
  SO4[-2]: 0.027097321668292113 mol
  Ca[+2]: 0.011533726736855666 mol
  CaSO4(aq): 0.00659694345639912 mol
  HSO4[-1]: 0.0023729220039375295 mol
  H[+1]: 0.0022697025308151407 mol
  NaSO4[-1]: 0.002115288410689507 mol
  As(HO2)2[-1]: 0.00019407224870889814 mol
  Zn[+2]: 0.000142293612100003 mol
  ZnSO4(aq): 0.0001170740244897468 mol
  AsH3O4(aq): 5.042139636981031e-05 mol
  Pb[+2]: 4.337472232092991e-05 mol
  AsHO2(aq): 5.6441565807377936e-08 mol
  As(OH)3(aq): 4.927876962494816e-08 mol
  AsHO4[-2]: 3.7160654739102156e-08 mol
  H2SO4(aq): 3.3021397101639055e-09 mol
  ZnOH[+1]: 4.2854093196870146e-11 mol
  OH[-1]: 6.56783691286646e-12 mol
  HPb2O[+3]: 4.806444583526244e-13 mol
  CaOH[+1]: 4.4740508498196775e-13 mol
  NaOH(aq): 2.2554736775046785e-14 mol
  AsH2O3[-1]: 2.0431858457359504e-14 mol
  AsO2[-1]: 1.95611211329548e-14 mol
  AsO4[-3]: 1.8537056980042395e-16 mol
  Zn(OH)2(aq): 7.508186606619227e-17 mol
  H2PbO2(aq): 3.5959809997221083e-17 mol
  AsHO3[-2]: 2.302639556747342e-22 mol
  H3PbO3[-1]: 2.4625958439033894e-25 mol
  Zn(OH)3[-1]: 1.5754724449342972e-25 mol
  H2(aq): 2.782152350432192e-26 mol
  HPbO[+1]: 2.8463926175805216e-28 mol
  Zn(OH)4[-2]: 3.0938256246373084e-35 mol
  H4Pb3O4[+2]: 0.0 mol
  AsH3(aq): 0.0 mol
  O2(aq): 0.0 mol
  Pb[+4]: 0.0 mol
volume: 1.0 l
temperature: 298.15 K
pressure: 1 atm
pH: 2.644031058089246
pE: 8.5
balance_charge: auto
solvent: H2O(aq)
default_diffusion_coeff: 1.6106e-09
log_level: ERROR
