'@module': pyEQL.solution
'@class': Solution
'@version': 1.5.1.dev50+geb84b2d8f
solutes:
  H2O(aq): 55.270195240225185 mol
  Na[+1]: 0.2757394446759328 mol
  SO4[-2]: 0.1874777705838554 mol
  CaSO4(aq): 0.0860654284388095 mol
  Ca[+2]: 0.0799889818024646 mol
  NaSO4[-1]: 0.0557604468212944 mol
  HSO4[-1]: 0.00787859149724906 mol
  H[+1]: 0.0021139721668072976 mol
  As(HO2)2[-1]: 0.0017948835174117872 mol
  ZnSO4(aq): 0.0013889556928152963 mol
  Zn[+2]: 0.0008974035556771137 mol
  Pb[+2]: 0.00038235516877589454 mol
  AsH3O4(aq): 0.00036084054519520373 mol
  CO2(aq): 1.2230047509710069e-05 mol
  AsHO4[-2]: 7.161672924353483e-07 mol
  AsHO2(aq): 3.3470617590421784e-07 mol
  As(OH)3(aq): 2.8916051324486186e-07 mol
  H2SO4(aq): 8.483756470935939e-09 mol
  HCO3[-1]: 5.372909859671346e-09 mol
  CaHCO3[+1]: 1.2309170074293347e-09 mol
  NaHCO3(aq): 9.491273447452357e-10 mol
  ZnOH[+1]: 2.0503277778795802e-10 mol
  HPb2O[+3]: 4.5129674846803155e-11 mol
  ZnHCO3[+1]: 3.003932516924405e-11 mol
  OH[-1]: 8.584835517507222e-12 mol
  CaOH[+1]: 2.3539109574727385e-12 mol
  NaOH(aq): 1.769537179204603e-13 mol
  AsH2O3[-1]: 1.5493850893482793e-13 mol
  AsO2[-1]: 1.4991006234911383e-13 mol
  PbCO3(aq): 2.6249651352647026e-14 mol
  AsO4[-3]: 1.1327483630502632e-14 mol
  CaCO3(aq): 4.173166137026317e-15 mol
  CO3[-2]: 5.100900979751467e-16 mol
  Zn(OH)2(aq): 3.3901194783985405e-16 mol
  H2PbO2(aq): 1.8957801278642448e-16 mol
  ZnCO3(aq): 1.6964871611922364e-16 mol
  NaCO3[-1]: 9.024471765334633e-17 mol
  AsHO3[-2]: 3.638612071843724e-21 mol
  HSO3[-1]: 4.715868195382828e-24 mol
  HPbO[+1]: 1.7927533069863265e-24 mol
  H3PbO3[-1]: 1.660162305289652e-24 mol
  Zn(OH)3[-1]: 9.096568340194204e-25 mol
  H2SO3(aq): 5.159175716597303e-25 mol
  SO2(aq): 4.145118764199914e-25 mol
  H4Pb3O4[+2]: 2.766170007914559e-25 mol
  H2(aq): 1.960623523151988e-26 mol
  Pb(CO3)2[-2]: 1.0550656108860206e-26 mol
  SO3[-2]: 5.920527841259285e-28 mol
  S2O5[-2]: 3.526124044041916e-32 mol
  Zn(OH)4[-2]: 3.6832852994502146e-34 mol
  S2O6[-2]: 5.346196894911262e-40 mol
volume: 0.9994086524285406 l
temperature: 298.15 K
pressure: 1 atm
pH: 2.674643840090822
pE: 8.5
balance_charge: auto
solvent: H2O(aq)
engine: native
default_diffusion_coeff: 1.6106e-09
log_level: ERROR
