'@module': pyEQL.solution
'@class': Solution
'@version': 1.5.0
solutes:
  H2O(aq): 55.34457593619076 mol
  Na[+1]: 0.2753413925352377 mol
  SO4[-2]: 0.18698483152553985 mol
  CaSO4(aq): 0.08581016890540473 mol
  Ca[+2]: 0.07996249958617381 mol
  NaSO4[-1]: 0.05550649461292789 mol
  HSO4[-1]: 0.009030460599410156 mol
  H[+1]: 0.0024310020719696497 mol
  As(HO2)2[-1]: 0.0017519533349185917 mol
  ZnSO4(aq): 0.001387516515390517 mol
  Zn[+2]: 0.0008988427630681595 mol
  AsH3O4(aq): 0.0004045024924988904 mol
  Pb[+2]: 0.00038235553150830646 mol
  O2(aq): 0.00022740321035855552 mol
  CO2(aq): 1.2247408247934405e-05 mol
  AsHO4[-2]: 6.082694787735987e-07 mol
  H2SO4(aq): 1.1167838362089276e-08 mol
  HCO3[-1]: 4.683353477358313e-09 mol
  CaHCO3[+1]: 1.0716603614710081e-09 mol
  NaHCO3(aq): 8.251781368047734e-10 mol
  ZnOH[+1]: 1.7890132091383632e-10 mol
  HPb2O[+3]: 3.9241318810703236e-11 mol
  ZnHCO3[+1]: 2.6203440294980625e-11 mol
  OH[-1]: 7.484891448471686e-12 mol
  CaOH[+1]: 2.0499370975576555e-12 mol
  NaOH(aq): 1.5388809667470153e-13 mol
  PbCO3(aq): 1.99147549164278e-14 mol
  AsO4[-3]: 8.367410731701386e-15 mol
  CaCO3(aq): 3.1641842197468203e-15 mol
  CO3[-2]: 3.8693851807856277e-16 mol
  Zn(OH)2(aq): 2.5761905593793393e-16 mol
  H2PbO2(aq): 1.4386877318461807e-16 mol
  ZnCO3(aq): 1.2888026198032653e-16 mol
  NaCO3[-1]: 6.831646886476982e-17 mol
  Pb[+4]: 1.4876921921355265e-23 mol
  HSO5[-1]: 8.036330709119029e-24 mol
  H3PbO3[-1]: 1.097020019955611e-24 mol
  HPbO[+1]: 1.0270910572600753e-24 mol
  Zn(OH)3[-1]: 6.0190229243741945e-25 mol
  AsHO2(aq): 7.791229424118498e-26 mol
  As(OH)3(aq): 6.731103860834281e-26 mol
  Pb(CO3)2[-2]: 6.063026879942848e-27 mol
  AsH2O3[-1]: 3.1404151947535305e-32 mol
  AsO2[-1]: 3.038459450197759e-32 mol
  S2O8[-2]: 1.2778319538282718e-32 mol
  Zn(OH)4[-2]: 2.120723681981604e-34 mol
  AsHO3[-2]: 6.417394411646762e-40 mol
volume: 1.0 l
temperature: 298.15 K
pressure: 1 atm
pH: 2.6142146710025704
pE: 8.5
balance_charge: auto
solvent: H2O(aq)
default_diffusion_coeff: 1.6106e-09
log_level: ERROR
