'@module': pyEQL.solution
'@class': Solution
'@version': 1.5.0
solutes:
  H2O(aq): 55.34457593619076 mol
  Na[+1]: 0.27602529984184004 mol
  SO4[-2]: 0.18784565872456288 mol
  CaSO4(aq): 0.08619034261630565 mol
  Ca[+2]: 0.08003200783175304 mol
  NaSO4[-1]: 0.055863252197674414 mol
  HSO4[-1]: 0.007200743541889132 mol
  H[+1]: 0.0019306054231640706 mol
  As(HO2)2[-1]: 0.0018215378715714188 mol
  ZnSO4(aq): 0.0013894531607765135 mol
  Zn[+2]: 0.0008969060980788227 mol
  Pb[+2]: 0.0003823548972021242 mol
  AsH3O4(aq): 0.00033398836490385053 mol
  AsHO4[-2]: 7.967811296994871e-07 mol
  AsHO2(aq): 2.576767103291715e-07 mol
  As(OH)3(aq): 2.2261637491304262e-07 mol
  H2SO4(aq): 7.071817193778484e-09 mol
  ZnOH[+1]: 2.247095056713909e-10 mol
  HPb2O[+3]: 4.9415761001682134e-11 mol
  OH[-1]: 9.425515362197566e-12 mol
  CaOH[+1]: 2.5826320274539482e-12 mol
  NaOH(aq): 1.9423238594395511e-13 mol
  AsH2O3[-1]: 1.3078665127557539e-13 mol
  AsO2[-1]: 1.26540094542762e-13 mol
  AsO4[-3]: 1.3814398081201558e-14 mol
  Zn(OH)2(aq): 4.074038348033261e-16 mol
  H2PbO2(aq): 2.2796241376419173e-16 mol
  AsHO3[-2]: 3.367149703254306e-21 mol
  HPbO[+1]: 2.5810916626451363e-24 mol
  H3PbO3[-1]: 2.188862271017074e-24 mol
  Zn(OH)3[-1]: 1.1986166363681465e-24 mol
  H4Pb3O4[+2]: 3.988972014732682e-25 mol
  H2(aq): 1.6331320535774085e-26 mol
  Zn(OH)4[-2]: 5.320682865916176e-34 mol
volume: 1.0 l
temperature: 298.15 K
pressure: 1 atm
pH: 2.71430647818998
pE: 8.5
balance_charge: auto
solvent: H2O(aq)
default_diffusion_coeff: 1.6106e-09
log_level: ERROR
