'@module': pyEQL.solution
'@class': Solution
'@version': src
solutes:
  H2O(aq): 55.34457593619076 mol
  Na[+1]: 0.033145287183632716 mol
  SO4[-2]: 0.027097199369532154 mol
  Ca[+2]: 0.011526049656590747 mol
  CaSO4(aq): 0.00659215168536252 mol
  HSO4[-1]: 0.002372859072906729 mol
  H[+1]: 0.0022697166956203085 mol
  NaSO4[-1]: 0.002113730272233303 mol
  As(HO2)2[-1]: 0.0001940724381975129 mol
  Zn[+2]: 0.00014229751620792932 mol
  ZnSO4(aq): 0.00011707012038147007 mol
  AsH3O4(aq): 5.04212062095012e-05 mol
  Pb[+2]: 4.3374722330615537e-05 mol
  Fe[+2]: 1.049032528003683e-05 mol
  Cd[+2]: 7.853133908138315e-06 mol
  FeSO4(aq): 6.509711209059316e-06 mol
  AsHO2(aq): 5.644162779287545e-08 mol
  As(OH)3(aq): 4.927883429230145e-08 mol
  AsHO4[-2]: 3.7161508845225684e-08 mol
  CdSO4(aq): 2.9332286076275068e-08 mol
  H2SO4(aq): 3.302036458356548e-09 mol
  ZnOH[+1]: 4.285444375989931e-11 mol
  OH[-1]: 6.5678736633773265e-12 mol
  FeOH[+1]: 9.10986308879377e-13 mol
  HPb2O[+3]: 4.806451499650124e-13 mol
  CaOH[+1]: 4.470986736375289e-13 mol
  NaOH(aq): 2.2538725336673374e-14 mol
  AsH2O3[-1]: 2.043198227652637e-14 mol
  AsO2[-1]: 1.956123548824951e-14 mol
  AsO4[-3]: 1.8538195727571588e-16 mol
  Zn(OH)2(aq): 7.508174209411884e-17 mol
  H2PbO2(aq): 3.5958563989672203e-17 mol
  Cd2OH[+3]: 1.7265418996036226e-17 mol
  Cd(OH)2(aq): 3.788598811994343e-21 mol
  Fe(OH)2(aq): 2.9602335478658473e-21 mol
  AsHO3[-2]: 2.3027041871992216e-22 mol
  H3PbO3[-1]: 2.4625227336134646e-25 mol
  Zn(OH)3[-1]: 1.5754776608610667e-25 mol
  H2(aq): 2.782161338493628e-26 mol
  HPbO[+1]: 2.8463276251729363e-28 mol
  Fe(OH)3[-1]: 7.978180999400546e-29 mol
  Cd(OH)3[-1]: 2.911095999680791e-31 mol
  Zn(OH)4[-2]: 3.093904618002034e-35 mol
  H4Pb3O4[+2]: 0.0 mol
  CdOH[+1]: 0.0 mol
  AsH3(aq): 0.0 mol
  Cd(OH)4[-2]: 0.0 mol
  Fe(OH)4[-2]: 0.0 mol
  O2(aq): 0.0 mol
  Pb[+4]: 0.0 mol
volume: 1.0 l
temperature: 298.15 K
pressure: 1 atm
pH: 2.6440283477439728
pE: 8.5
balance_charge: auto
solvent: H2O(aq)
default_diffusion_coeff: 1.6106e-09
log_level: ERROR
