'@module': pyEQL.solution
'@class': Solution
'@version': 1.5.1.dev50+geb84b2d8f
solutes:
  H2O(aq): 55.34457593619076 mol
  Na[+1]: 0.27506512040714437 mol
  SO4[-2]: 0.18662848218126127 mol
  CaSO4(aq): 0.08565387385849788 mol
  Ca[+2]: 0.07993603717670777 mol
  NaSO4[-1]: 0.05535985680530059 mol
  HSO4[-1]: 0.009804329940700832 mol
  H[+1]: 0.002643795322912431 mol
  As(HO2)2[-1]: 0.00172276221816529 mol
  ZnSO4(aq): 0.0013867025009827913 mol
  Zn[+2]: 0.0008996567938161197 mol
  AsH3O4(aq): 0.00043258557381937616 mol
  Pb[+2]: 0.00038235572468072046 mol
  CO2(aq): 1.2233438525766247e-05 mol
  AsHO2(aq): 6.257892935904575e-07 mol
  AsHO4[-2]: 5.49872956175798e-07 mol
  As(OH)3(aq): 5.406422067976309e-07 mol
  H2SO4(aq): 1.3186367066216026e-08 mol
  HCO3[-1]: 4.300976126057531e-09 mol
  CaHCO3[+1]: 9.839847607973112e-10 mol
  NaHCO3(aq): 7.570925517387392e-10 mol
  ZnOH[+1]: 1.6467400229762427e-10 mol
  HPb2O[+3]: 3.608204312057279e-11 mol
  ZnHCO3[+1]: 2.4089423370679754e-11 mol
  OH[-1]: 6.882307171033367e-12 mol
  CaOH[+1]: 1.8845824551600034e-12 mol
  AsH2O3[-1]: 2.3193308240610856e-13 mol
  AsO2[-1]: 2.2440242975114264e-13 mol
  NaOH(aq): 1.4136753739732605e-13 mol
  PbCO3(aq): 1.6821462007608516e-14 mol
  AsO4[-3]: 6.952691202088844e-15 mol
  CaCO3(aq): 2.6716040401134563e-15 mol
  CO3[-2]: 3.2668699609602257e-16 mol
  Zn(OH)2(aq): 2.180570457181663e-16 mol
  H2PbO2(aq): 1.216746866614753e-16 mol
  ZnCO3(aq): 1.0895160350619932e-16 mol
  NaCO3[-1]: 5.763398455559264e-17 mol
  AsHO3[-2]: 4.357103660184108e-21 mol
  HSO3[-1]: 5.618182527772977e-24 mol
  H3PbO3[-1]: 8.531035391162079e-25 mol
  H2SO3(aq): 7.676833804876512e-25 mol
  HPbO[+1]: 7.343721838189155e-25 mol
  SO2(aq): 6.167827795043849e-25 mol
  Zn(OH)3[-1]: 4.684590474637756e-25 mol
  H4Pb3O4[+2]: 1.1364122556405329e-25 mol
  H2(aq): 3.063380457550153e-26 mol
  Pb(CO3)2[-2]: 4.323663513634234e-27 mol
  SO3[-2]: 5.643156458024843e-28 mol
  S2O5[-2]: 3.525599445571826e-32 mol
  Zn(OH)4[-2]: 1.5173814489978337e-34 mol
  S2O6[-2]: 4.854392432584873e-40 mol
volume: 1.0 l
temperature: 298.15 K
pressure: 1 atm
pH: 2.6707140159023948
pE: 8.5
balance_charge: auto
solvent: H2O(aq)
default_diffusion_coeff: 1.6106e-09
log_level: ERROR
