'@module': pyEQL.solution
'@class': Solution
'@version': 1.5.1.dev50+geb84b2d8f
solutes:
  H2O(aq): 55.26924667084354 mol
  Na[+1]: 0.27491668329840085 mol
  SO4[-2]: 0.18700290866091016 mol
  CaSO4(aq): 0.08578345291459628 mol
  Ca[+2]: 0.07980645788213091 mol
  NaSO4[-1]: 0.05550829372980542 mol
  HSO4[-1]: 0.00790652583078822 mol
  H[+1]: 0.0021251332861343428 mol
  As(HO2)2[-1]: 0.0017932759942398892 mol
  ZnSO4(aq): 0.001388411991580368 mol
  Zn[+2]: 0.0008979472578884203 mol
  Pb[+2]: 0.0003823554702865756 mol
  AsH3O4(aq): 0.0003624437351245673 mol
  CO2(aq): 1.2231968223328124e-05 mol
  AsHO4[-2]: 7.1119192726582e-07 mol
  AsHO2(aq): 3.3969492659419406e-07 mol
  As(OH)3(aq): 2.9348036751604615e-07 mol
  H2SO4(aq): 8.559328728491475e-09 mol
  HCO3[-1]: 5.3432183476414884e-09 mol
  CaHCO3[+1]: 1.2220105292973726e-09 mol
  NaHCO3(aq): 9.412972199009076e-10 mol
  ZnOH[+1]: 2.0418515166779422e-10 mol
  HPb2O[+3]: 4.4889735219419e-11 mol
  ZnHCO3[+1]: 2.990828588683154e-11 mol
  OH[-1]: 8.538993971234734e-12 mol
  CaOH[+1]: 2.3374144061499153e-12 mol
  NaOH(aq): 1.7553409815713485e-13 mol
  AsH2O3[-1]: 1.5641739107776528e-13 mol
  AsO2[-1]: 1.5133581430314493e-13 mol
  PbCO3(aq): 2.5994016369356052e-14 mol
  AsO4[-3]: 1.1174242017784753e-14 mol
  CaCO3(aq): 4.121893049550145e-15 mol
  CO3[-2]: 5.042678870666641e-16 mol
  Zn(OH)2(aq): 3.3590422552020054e-16 mol
  H2PbO2(aq): 1.877811774671872e-16 mol
  ZnCO3(aq): 1.680493346206028e-16 mol
  NaCO3[-1]: 8.90245278741602e-17 mol
  AsHO3[-2]: 3.651092970961598e-21 mol
  HSO3[-1]: 5.84344357841252e-24 mol
  HPbO[+1]: 1.756643259491887e-24 mol
  H3PbO3[-1]: 1.635742626082912e-24 mol
  Zn(OH)3[-1]: 8.965579797979095e-25 mol
  H2SO3(aq): 6.426905556682146e-25 mol
  SO2(aq): 5.163495988081135e-25 mol
  H4Pb3O4[+2]: 2.7140778496058676e-25 mol
  H2(aq): 1.9819443321203675e-26 mol
  Pb(CO3)2[-2]: 1.0327414478866931e-26 mol
  SO3[-2]: 7.29270550824409e-28 mol
  S2O5[-2]: 3.521600098408964e-32 mol
  Zn(OH)4[-2]: 3.6083807405065735e-34 mol
  S2O6[-2]: 8.11732874714597e-40 mol
volume: 0.9993871128060451 l
temperature: 298.15 K
pressure: 1 atm
pH: 2.6707383878523974
pE: 8.5
balance_charge: auto
solvent: H2O(aq)
engine: native
default_diffusion_coeff: 1.6106e-09
log_level: ERROR
